object={
	name="oak_tree_generator_2_0"
	clamp_to_water_level=no
	render_under_water=no
	generated_content=yes
	layer="oak_tree_layer"
	pdxmesh="tree_oak_2_mesh"
	count=250
	transform="1371.362671 0.000000 1759.946411 0.000000 0.886095 0.000000 -0.463504 1.000000 1.000000 1.000000
1381.522949 0.000000 1759.963745 0.000000 0.924914 0.000000 -0.380176 1.000000 1.000000 1.000000
1398.523682 0.000000 1774.432007 0.000000 0.921817 0.000000 -0.387624 1.000000 1.000000 1.000000
1474.601196 0.000000 1692.871704 0.000000 0.941578 0.000000 0.336795 1.000000 1.000000 1.000000
1506.597290 0.000000 1692.871704 0.000000 0.172509 0.000000 -0.985008 1.000000 1.000000 1.000000
1477.511230 0.000000 1695.979370 0.000000 0.980011 0.000000 -0.198944 1.000000 1.000000 1.000000
1436.148315 0.000000 1753.755249 0.000000 0.123730 0.000000 0.992316 1.000000 1.000000 1.000000
1468.144409 0.000000 1753.755249 0.000000 1.000000 0.000000 -0.000146 1.000000 1.000000 1.000000
1458.498291 0.000000 1744.143311 0.000000 0.871457 0.000000 0.490472 1.000000 1.000000 1.000000
1465.820557 0.000000 1757.804932 0.000000 0.824966 0.000000 -0.565183 1.000000 1.000000 1.000000
1431.967285 0.000000 1770.541992 0.000000 0.960607 0.000000 -0.277912 1.000000 1.000000 1.000000
1435.354858 0.000000 1759.946411 0.000000 0.544573 0.000000 -0.838713 1.000000 1.000000 1.000000
1426.502197 0.000000 1776.135498 0.000000 0.754719 0.000000 -0.656049 1.000000 1.000000 1.000000
1409.687012 0.000000 1762.279053 0.000000 0.667256 0.000000 0.744829 1.000000 1.000000 1.000000
1408.343506 0.000000 1759.774170 0.000000 0.865540 0.000000 0.500840 1.000000 1.000000 1.000000
1456.718872 0.000000 1770.026245 0.000000 0.602444 0.000000 0.798161 1.000000 1.000000 1.000000
1469.029663 0.000000 1766.333008 0.000000 0.347553 0.000000 -0.937660 1.000000 1.000000 1.000000
1472.808350 0.000000 1749.083862 0.000000 0.617581 0.000000 -0.786507 1.000000 1.000000 1.000000
1490.422852 0.000000 1750.536987 0.000000 0.997683 0.000000 -0.068038 1.000000 1.000000 1.000000
1497.668823 0.000000 1745.995361 0.000000 0.679659 0.000000 0.733528 1.000000 1.000000 1.000000
1490.494385 0.000000 1744.143311 0.000000 0.993520 0.000000 0.113661 1.000000 1.000000 1.000000
1501.455200 0.000000 1740.874634 0.000000 0.994722 0.000000 0.102605 1.000000 1.000000 1.000000
1497.989014 0.000000 1741.792969 0.000000 0.694766 0.000000 -0.719235 1.000000 1.000000 1.000000
1492.940430 0.000000 1751.840576 0.000000 0.402910 0.000000 0.915240 1.000000 1.000000 1.000000
1514.299561 0.000000 1757.101318 0.000000 0.982603 0.000000 -0.185719 1.000000 1.000000 1.000000
1504.804443 0.000000 1749.083862 0.000000 0.108435 0.000000 0.994104 1.000000 1.000000 1.000000
1522.418945 0.000000 1750.536987 0.000000 0.518083 0.000000 0.855330 1.000000 1.000000 1.000000
1517.472534 0.000000 1748.389282 0.000000 0.794999 0.000000 0.606611 1.000000 1.000000 1.000000
1529.812744 0.000000 1757.804932 0.000000 0.676419 0.000000 0.736517 1.000000 1.000000 1.000000
1508.120605 0.000000 1738.013184 0.000000 0.268543 0.000000 -0.963268 1.000000 1.000000 1.000000
1517.676270 0.000000 1758.762207 0.000000 0.874210 0.000000 -0.485547 1.000000 1.000000 1.000000
1472.571533 0.000000 1767.498535 0.000000 0.918122 0.000000 -0.396298 1.000000 1.000000 1.000000
1480.040894 0.000000 1782.249390 0.000000 0.947252 0.000000 0.320490 1.000000 1.000000 1.000000
1485.476440 0.000000 1780.381470 0.000000 0.627596 0.000000 -0.778539 1.000000 1.000000 1.000000
1514.299561 0.000000 1789.093506 0.000000 0.871436 0.000000 -0.490510 1.000000 1.000000 1.000000
1518.000000 0.000000 1763.402710 0.000000 0.748384 0.000000 0.663266 1.000000 1.000000 1.000000
1504.804443 0.000000 1781.076050 0.000000 0.741321 0.000000 0.671151 1.000000 1.000000 1.000000
1509.507324 0.000000 1759.963745 0.000000 0.749994 0.000000 -0.661445 1.000000 1.000000 1.000000
1525.309082 0.000000 1763.543579 0.000000 0.682360 0.000000 0.731016 1.000000 1.000000 1.000000
1515.802612 0.000000 1784.484863 0.000000 0.983886 0.000000 -0.178797 1.000000 1.000000 1.000000
1524.600952 0.000000 1767.716675 0.000000 0.999434 0.000000 0.033637 1.000000 1.000000 1.000000
1532.011353 0.000000 1769.708618 0.000000 0.948793 0.000000 0.315900 1.000000 1.000000 1.000000
1511.490356 0.000000 1762.235718 0.000000 0.920699 0.000000 -0.390273 1.000000 1.000000 1.000000
1559.951660 0.000000 1674.565430 0.000000 0.354089 0.000000 -0.935212 1.000000 1.000000 1.000000
1564.132690 0.000000 1689.770874 0.000000 0.977053 0.000000 0.212998 1.000000 1.000000 1.000000
1549.996094 0.000000 1699.418335 0.000000 0.994279 0.000000 0.106815 1.000000 1.000000 1.000000
1616.699341 0.000000 1706.041870 0.000000 0.958316 0.000000 -0.285711 1.000000 1.000000 1.000000
1632.552002 0.000000 1703.514160 0.000000 0.669051 0.000000 0.743217 1.000000 1.000000 1.000000
1657.649292 0.000000 1714.003174 0.000000 0.137987 0.000000 -0.990434 1.000000 1.000000 1.000000
1653.293457 0.000000 1699.559204 0.000000 0.667501 0.000000 0.744609 1.000000 1.000000 1.000000
1546.295654 0.000000 1757.101318 0.000000 0.999986 0.000000 0.005218 1.000000 1.000000 1.000000
1549.996094 0.000000 1731.410522 0.000000 0.670954 0.000000 0.741499 1.000000 1.000000 1.000000
1555.973389 0.000000 1758.548462 0.000000 0.992452 0.000000 0.122634 1.000000 1.000000 1.000000
1551.331177 0.000000 1755.034790 0.000000 0.977014 0.000000 0.213177 1.000000 1.000000 1.000000
1539.870605 0.000000 1752.422607 0.000000 0.992971 0.000000 0.118354 1.000000 1.000000 1.000000
1578.291748 0.000000 1757.101318 0.000000 0.239334 0.000000 0.970937 1.000000 1.000000 1.000000
1587.969482 0.000000 1758.548462 0.000000 0.435538 0.000000 -0.900170 1.000000 1.000000 1.000000
1571.892212 0.000000 1742.240356 0.000000 0.429820 0.000000 -0.902915 1.000000 1.000000 1.000000
1597.443481 0.000000 1740.874634 0.000000 0.662044 0.000000 0.749465 1.000000 1.000000 1.000000
1581.464722 0.000000 1748.389282 0.000000 0.994479 0.000000 0.104935 1.000000 1.000000 1.000000
1590.930054 0.000000 1753.934570 0.000000 0.992983 0.000000 0.118259 1.000000 1.000000 1.000000
1575.461914 0.000000 1754.252441 0.000000 0.416943 0.000000 0.908933 1.000000 1.000000 1.000000
1571.142578 0.000000 1745.971436 0.000000 0.600098 0.000000 0.799927 1.000000 1.000000 1.000000
1536.563721 0.000000 1767.498535 0.000000 0.669917 0.000000 0.742436 1.000000 1.000000 1.000000
1563.339233 0.000000 1759.946411 0.000000 0.498967 0.000000 0.866621 1.000000 1.000000 1.000000
1554.415039 0.000000 1782.529175 0.000000 0.363813 0.000000 -0.931472 1.000000 1.000000 1.000000
1557.305176 0.000000 1763.543579 0.000000 0.921791 0.000000 -0.387686 1.000000 1.000000 1.000000
1549.468628 0.000000 1780.381470 0.000000 0.749361 0.000000 0.662162 1.000000 1.000000 1.000000
1540.929443 0.000000 1764.992798 0.000000 0.978497 0.000000 0.206260 1.000000 1.000000 1.000000
1576.341919 0.000000 1768.279053 0.000000 0.682510 0.000000 0.730876 1.000000 1.000000 1.000000
1589.301270 0.000000 1763.543579 0.000000 0.061370 0.000000 -0.998115 1.000000 1.000000 1.000000
1590.930054 0.000000 1785.926758 0.000000 0.763365 0.000000 -0.645967 1.000000 1.000000 1.000000
1592.734619 0.000000 1766.325073 0.000000 0.325243 0.000000 0.945630 1.000000 1.000000 1.000000
1594.251343 0.000000 1782.455322 0.000000 0.145637 0.000000 0.989338 1.000000 1.000000 1.000000
1584.828003 0.000000 1779.219238 0.000000 0.757169 0.000000 -0.653219 1.000000 1.000000 1.000000
1598.744019 0.000000 1768.579346 0.000000 0.996804 0.000000 -0.079892 1.000000 1.000000 1.000000
1623.943848 0.000000 1738.549805 0.000000 0.689560 0.000000 -0.724229 1.000000 1.000000 1.000000
1628.124878 0.000000 1753.755249 0.000000 0.953542 0.000000 -0.301260 1.000000 1.000000 1.000000
1629.010132 0.000000 1734.340820 0.000000 0.234529 0.000000 -0.972109 1.000000 1.000000 1.000000
1611.790894 0.000000 1752.492676 0.000000 0.994455 0.000000 -0.105166 1.000000 1.000000 1.000000
1604.108887 0.000000 1738.013184 0.000000 0.220779 0.000000 0.975324 1.000000 1.000000 1.000000
1629.049927 0.000000 1744.474487 0.000000 1.000000 0.000000 0.000781 1.000000 1.000000 1.000000
1616.824097 0.000000 1747.227051 0.000000 0.611907 0.000000 -0.790929 1.000000 1.000000 1.000000
1605.951538 0.000000 1758.190796 0.000000 0.871347 0.000000 -0.490668 1.000000 1.000000 1.000000
1626.429443 0.000000 1731.275513 0.000000 0.416851 0.000000 0.908975 1.000000 1.000000 1.000000
1632.552002 0.000000 1735.506348 0.000000 0.219491 0.000000 0.975615 1.000000 1.000000 1.000000
1653.293457 0.000000 1731.551392 0.000000 0.623132 0.000000 -0.782117 1.000000 1.000000 1.000000
1635.858887 0.000000 1752.422607 0.000000 0.132135 0.000000 -0.991232 1.000000 1.000000 1.000000
1631.889893 0.000000 1753.701294 0.000000 0.600024 0.000000 0.799982 1.000000 1.000000 1.000000
1639.454102 0.000000 1754.252441 0.000000 0.957319 0.000000 -0.289032 1.000000 1.000000 1.000000
1655.552612 0.000000 1728.139282 0.000000 0.877750 0.000000 -0.479120 1.000000 1.000000 1.000000
1650.148193 0.000000 1730.717163 0.000000 0.120212 0.000000 0.992748 1.000000 1.000000 1.000000
1639.474731 0.000000 1730.243530 0.000000 0.748185 0.000000 0.663490 1.000000 1.000000 1.000000
1610.287842 0.000000 1789.093506 0.000000 0.761537 0.000000 -0.648121 1.000000 1.000000 1.000000
1619.965576 0.000000 1790.540649 0.000000 0.594536 0.000000 0.804069 1.000000 1.000000 1.000000
1621.297363 0.000000 1763.543579 0.000000 0.524332 0.000000 -0.851514 1.000000 1.000000 1.000000
1618.478760 0.000000 1776.135498 0.000000 0.916007 0.000000 -0.401163 1.000000 1.000000 1.000000
1622.926147 0.000000 1785.926758 0.000000 0.803065 0.000000 0.595891 1.000000 1.000000 1.000000
1603.862793 0.000000 1784.414795 0.000000 0.421992 0.000000 0.906600 1.000000 1.000000 1.000000
1622.645142 0.000000 1781.563232 0.000000 0.008812 0.000000 0.999961 1.000000 1.000000 1.000000
1601.663574 0.000000 1762.279053 0.000000 0.361680 0.000000 -0.932302 1.000000 1.000000 1.000000
1613.664551 0.000000 1790.754395 0.000000 0.524180 0.000000 0.851608 1.000000 1.000000 1.000000
1626.429443 0.000000 1763.267700 0.000000 0.511054 0.000000 0.859549 1.000000 1.000000 1.000000
1631.503662 0.000000 1764.618896 0.000000 0.960972 0.000000 -0.276646 1.000000 1.000000 1.000000
1655.939941 0.000000 1770.541992 0.000000 0.339485 0.000000 0.940611 1.000000 1.000000 1.000000
1650.403320 0.000000 1782.529175 0.000000 0.876592 0.000000 -0.481235 1.000000 1.000000 1.000000
1657.649292 0.000000 1777.987549 0.000000 0.955959 0.000000 -0.293499 1.000000 1.000000 1.000000
1634.581665 0.000000 1788.848267 0.000000 0.926612 0.000000 -0.376019 1.000000 1.000000 1.000000
1650.474854 0.000000 1776.135498 0.000000 0.902333 0.000000 0.431039 1.000000 1.000000 1.000000
1654.492432 0.000000 1774.432007 0.000000 0.981567 0.000000 -0.191119 1.000000 1.000000 1.000000
1658.425537 0.000000 1763.267700 0.000000 0.928215 0.000000 -0.372043 1.000000 1.000000 1.000000
1631.802979 0.000000 1764.643188 0.000000 0.814592 0.000000 -0.580035 1.000000 1.000000 1.000000
1661.076904 0.000000 1763.080322 0.000000 0.702649 0.000000 -0.711537 1.000000 1.000000 1.000000
1655.942383 0.000000 1763.871582 0.000000 0.332845 0.000000 -0.942981 1.000000 1.000000 1.000000
1635.098145 0.000000 1767.065674 0.000000 0.227335 0.000000 0.973817 1.000000 1.000000 1.000000
1674.280029 0.000000 1725.109131 0.000000 0.999974 0.000000 -0.007228 1.000000 1.000000 1.000000
1675.283691 0.000000 1711.301880 0.000000 0.267942 0.000000 -0.963435 1.000000 1.000000 1.000000
1682.399414 0.000000 1718.544800 0.000000 0.810882 0.000000 0.585210 1.000000 1.000000 1.000000
1683.957764 0.000000 1726.556274 0.000000 0.230237 0.000000 0.973135 1.000000 1.000000 1.000000
1724.113159 0.000000 1721.763062 0.000000 0.828445 0.000000 -0.560071 1.000000 1.000000 1.000000
1696.781006 0.000000 1717.091675 0.000000 0.978433 0.000000 -0.206565 1.000000 1.000000 1.000000
1715.953857 0.000000 1726.556274 0.000000 0.249287 0.000000 -0.968430 1.000000 1.000000 1.000000
1711.311646 0.000000 1723.042603 0.000000 0.746196 0.000000 0.665726 1.000000 1.000000 1.000000
1768.005737 0.000000 1686.272827 0.000000 0.695324 0.000000 -0.718697 1.000000 1.000000 1.000000
1744.683716 0.000000 1706.041870 0.000000 0.819533 0.000000 0.573032 1.000000 1.000000 1.000000
1727.878174 0.000000 1721.709106 0.000000 0.607703 0.000000 0.794165 1.000000 1.000000 1.000000
1683.957764 0.000000 1758.548462 0.000000 0.061262 0.000000 -0.998122 1.000000 1.000000 1.000000
1672.330200 0.000000 1736.286865 0.000000 0.427840 0.000000 -0.903854 1.000000 1.000000 1.000000
1685.289551 0.000000 1731.551392 0.000000 0.976773 0.000000 0.214276 1.000000 1.000000 1.000000
1693.431763 0.000000 1740.874634 0.000000 0.487558 0.000000 0.873091 1.000000 1.000000 1.000000
1677.453003 0.000000 1748.389282 0.000000 0.941989 0.000000 0.335643 1.000000 1.000000 1.000000
1686.637329 0.000000 1749.571045 0.000000 0.052261 0.000000 -0.998633 1.000000 1.000000 1.000000
1665.655762 0.000000 1730.286865 0.000000 0.532099 0.000000 -0.846682 1.000000 1.000000 1.000000
1675.779907 0.000000 1739.543945 0.000000 0.912185 0.000000 0.409779 1.000000 1.000000 1.000000
1693.042114 0.000000 1744.474487 0.000000 0.329016 0.000000 0.944324 1.000000 1.000000 1.000000
1685.816528 0.000000 1746.092773 0.000000 0.999479 0.000000 0.032276 1.000000 1.000000 1.000000
1663.799072 0.000000 1732.651001 0.000000 0.659683 0.000000 0.751544 1.000000 1.000000 1.000000
1687.723755 0.000000 1746.656494 0.000000 0.140222 0.000000 -0.990120 1.000000 1.000000 1.000000
1701.483887 0.000000 1727.971558 0.000000 0.867769 0.000000 0.496968 1.000000 1.000000 1.000000
1715.202393 0.000000 1754.500366 0.000000 0.533637 0.000000 -0.845714 1.000000 1.000000 1.000000
1664.784912 0.000000 1781.076050 0.000000 0.947428 0.000000 0.319968 1.000000 1.000000 1.000000
1666.577759 0.000000 1788.848267 0.000000 0.910897 0.000000 0.412633 1.000000 1.000000 1.000000
1685.289551 0.000000 1763.543579 0.000000 0.055672 0.000000 -0.998449 1.000000 1.000000 1.000000
1680.691528 0.000000 1770.026245 0.000000 0.699299 0.000000 -0.714829 1.000000 1.000000 1.000000
1681.375122 0.000000 1759.732056 0.000000 0.015799 0.000000 0.999875 1.000000 1.000000 1.000000
1687.548706 0.000000 1760.131470 0.000000 0.997438 0.000000 -0.071529 1.000000 1.000000 1.000000
1669.943726 0.000000 1790.182983 0.000000 0.813750 0.000000 0.581215 1.000000 1.000000 1.000000
1663.799072 0.000000 1764.643188 0.000000 0.595730 0.000000 0.803185 1.000000 1.000000 1.000000
1672.498047 0.000000 1775.244019 0.000000 0.977238 0.000000 0.212148 1.000000 1.000000 1.000000
1706.276123 0.000000 1789.093506 0.000000 0.870893 0.000000 0.491474 1.000000 1.000000 1.000000
1707.279785 0.000000 1775.286255 0.000000 0.537954 0.000000 -0.842974 1.000000 1.000000 1.000000
1704.326294 0.000000 1768.279053 0.000000 0.245257 0.000000 0.969458 1.000000 1.000000 1.000000
1704.013550 0.000000 1782.249390 0.000000 0.351656 0.000000 -0.936129 1.000000 1.000000 1.000000
1711.311646 0.000000 1787.026978 0.000000 0.991689 0.000000 0.128657 1.000000 1.000000 1.000000
1718.914429 0.000000 1785.926758 0.000000 0.999996 0.000000 0.002684 1.000000 1.000000 1.000000
1697.651855 0.000000 1762.279053 0.000000 0.982757 0.000000 -0.184903 1.000000 1.000000 1.000000
1709.652832 0.000000 1790.754395 0.000000 0.526013 0.000000 0.850477 1.000000 1.000000 1.000000
1723.987915 0.000000 1769.708618 0.000000 0.660026 0.000000 0.751243 1.000000 1.000000 1.000000
1700.479248 0.000000 1781.068970 0.000000 0.971044 0.000000 0.238899 1.000000 1.000000 1.000000
1700.738159 0.000000 1787.102295 0.000000 0.427613 0.000000 0.903962 1.000000 1.000000 1.000000
1755.315796 0.000000 1727.954224 0.000000 0.756070 0.000000 0.654491 1.000000 1.000000 1.000000
1728.249390 0.000000 1739.796509 0.000000 0.125850 0.000000 0.992049 1.000000 1.000000 1.000000
1735.979614 0.000000 1740.515137 0.000000 0.993082 0.000000 0.117423 1.000000 1.000000 1.000000
1754.413818 0.000000 1731.275513 0.000000 0.595469 0.000000 0.803378 1.000000 1.000000 1.000000
1779.946045 0.000000 1758.548462 0.000000 0.234685 0.000000 0.972071 1.000000 1.000000 1.000000
1764.902100 0.000000 1733.000610 0.000000 0.978548 0.000000 0.206020 1.000000 1.000000 1.000000
1771.768188 0.000000 1739.543945 0.000000 0.436653 0.000000 -0.899630 1.000000 1.000000 1.000000
1751.928223 0.000000 1770.541992 0.000000 0.865733 0.000000 0.500506 1.000000 1.000000 1.000000
1739.275879 0.000000 1775.286255 0.000000 0.061069 0.000000 -0.998134 1.000000 1.000000 1.000000
1741.972656 0.000000 1763.402710 0.000000 0.208395 0.000000 0.978045 1.000000 1.000000 1.000000
1738.192749 0.000000 1760.434814 0.000000 0.911600 0.000000 0.411078 1.000000 1.000000 1.000000
1737.987061 0.000000 1779.265015 0.000000 0.995525 0.000000 -0.094504 1.000000 1.000000 1.000000
1783.924316 0.000000 1770.541992 0.000000 0.329711 0.000000 -0.944082 1.000000 1.000000 1.000000
1785.633667 0.000000 1777.987549 0.000000 0.818044 0.000000 0.575156 1.000000 1.000000 1.000000
1789.420044 0.000000 1772.866821 0.000000 0.973032 0.000000 0.230671 1.000000 1.000000 1.000000
1782.476807 0.000000 1774.432007 0.000000 0.758714 0.000000 -0.651424 1.000000 1.000000 1.000000
1559.951660 0.000000 1802.534180 0.000000 0.230051 0.000000 -0.973179 1.000000 1.000000 1.000000
1547.299316 0.000000 1807.278442 0.000000 0.524365 0.000000 -0.851493 1.000000 1.000000 1.000000
1581.992188 0.000000 1795.394897 0.000000 0.971567 0.000000 0.236763 1.000000 1.000000 1.000000
1593.657104 0.000000 1809.979736 0.000000 0.434540 0.000000 0.900653 1.000000 1.000000 1.000000
1571.892212 0.000000 1806.224731 0.000000 0.524275 0.000000 0.851549 1.000000 1.000000 1.000000
1589.301270 0.000000 1795.535767 0.000000 0.676246 0.000000 0.736675 1.000000 1.000000 1.000000
1588.593140 0.000000 1799.708862 0.000000 0.995146 0.000000 -0.098413 1.000000 1.000000 1.000000
1583.140259 0.000000 1805.764648 0.000000 0.589411 0.000000 0.807834 1.000000 1.000000 1.000000
1578.006592 0.000000 1811.257202 0.000000 0.605814 0.000000 0.795607 1.000000 1.000000 1.000000
1559.951660 0.000000 1834.526367 0.000000 0.594371 0.000000 0.804191 1.000000 1.000000 1.000000
1560.738525 0.000000 1830.309448 0.000000 0.857100 0.000000 0.515151 1.000000 1.000000 1.000000
1581.992188 0.000000 1827.387085 0.000000 0.814357 0.000000 -0.580364 1.000000 1.000000 1.000000
1595.335327 0.000000 1823.930786 0.000000 0.979801 0.000000 -0.199976 1.000000 1.000000 1.000000
1587.969482 0.000000 1854.525024 0.000000 0.876901 0.000000 -0.480672 1.000000 1.000000 1.000000
1578.212280 0.000000 1824.419189 0.000000 0.754746 0.000000 0.656017 1.000000 1.000000 1.000000
1567.838623 0.000000 1840.178711 0.000000 0.433789 0.000000 0.901015 1.000000 1.000000 1.000000
1571.142578 0.000000 1841.947998 0.000000 0.768018 0.000000 -0.640428 1.000000 1.000000 1.000000
1605.495605 0.000000 1791.955933 0.000000 0.136702 0.000000 -0.990612 1.000000 1.000000 1.000000
1625.653198 0.000000 1809.979736 0.000000 0.833169 0.000000 -0.553018 1.000000 1.000000 1.000000
1621.297363 0.000000 1795.535767 0.000000 0.260207 0.000000 -0.965553 1.000000 1.000000 1.000000
1616.699341 0.000000 1802.018433 0.000000 0.776032 0.000000 -0.630693 1.000000 1.000000 1.000000
1618.478760 0.000000 1808.127686 0.000000 0.831566 0.000000 -0.555425 1.000000 1.000000 1.000000
1617.382935 0.000000 1791.724243 0.000000 0.105242 0.000000 0.994447 1.000000 1.000000 1.000000
1609.594849 0.000000 1796.450073 0.000000 0.822758 0.000000 -0.568393 1.000000 1.000000 1.000000
1615.136353 0.000000 1805.764648 0.000000 0.226344 0.000000 0.974047 1.000000 1.000000 1.000000
1611.787720 0.000000 1803.528320 0.000000 0.628655 0.000000 -0.777684 1.000000 1.000000 1.000000
1629.049927 0.000000 1808.458862 0.000000 0.993110 0.000000 0.117183 1.000000 1.000000 1.000000
1630.740112 0.000000 1800.571533 0.000000 0.032264 0.000000 0.999479 1.000000 1.000000 1.000000
1657.649292 0.000000 1809.979736 0.000000 0.413848 0.000000 0.910346 1.000000 1.000000 1.000000
1653.293457 0.000000 1795.535767 0.000000 0.606416 0.000000 -0.795148 1.000000 1.000000 1.000000
1650.474854 0.000000 1808.127686 0.000000 0.594431 0.000000 0.804147 1.000000 1.000000 1.000000
1647.319458 0.000000 1819.019165 0.000000 0.978805 0.000000 -0.204794 1.000000 1.000000 1.000000
1643.786987 0.000000 1816.477051 0.000000 0.618155 0.000000 -0.786056 1.000000 1.000000 1.000000
1632.261108 0.000000 1803.780884 0.000000 0.808661 0.000000 0.588275 1.000000 1.000000 1.000000
1654.492432 0.000000 1806.424194 0.000000 0.997356 0.000000 -0.072672 1.000000 1.000000 1.000000
1641.590942 0.000000 1796.450073 0.000000 0.143933 0.000000 -0.989587 1.000000 1.000000 1.000000
1647.132446 0.000000 1805.764648 0.000000 0.514108 0.000000 0.857725 1.000000 1.000000 1.000000
1655.552612 0.000000 1792.123657 0.000000 0.218188 0.000000 0.975907 1.000000 1.000000 1.000000
1635.134766 0.000000 1809.955811 0.000000 0.995022 0.000000 -0.099655 1.000000 1.000000 1.000000
1636.487061 0.000000 1813.061157 0.000000 0.990912 0.000000 0.134515 1.000000 1.000000 1.000000
1652.483154 0.000000 1792.480469 0.000000 0.870646 0.000000 0.491910 1.000000 1.000000 1.000000
1661.076904 0.000000 1795.072510 0.000000 0.954765 0.000000 -0.297362 1.000000 1.000000 1.000000
1603.888306 0.000000 1838.216919 0.000000 0.316426 0.000000 0.948617 1.000000 1.000000 1.000000
1620.589233 0.000000 1831.701050 0.000000 0.978766 0.000000 -0.204981 1.000000 1.000000 1.000000
1631.503662 0.000000 1828.603271 0.000000 0.816467 0.000000 0.577391 1.000000 1.000000 1.000000
1636.104980 0.000000 1833.989746 0.000000 0.954635 0.000000 0.297779 1.000000 1.000000 1.000000
1631.802979 0.000000 1828.627563 0.000000 0.949724 0.000000 0.313088 1.000000 1.000000 1.000000
1597.014038 0.000000 1862.309570 0.000000 0.942174 0.000000 0.335125 1.000000 1.000000 1.000000
1629.010132 0.000000 1862.309570 0.000000 0.797927 0.000000 0.602753 1.000000 1.000000 1.000000
1611.790894 0.000000 1880.461426 0.000000 0.701000 0.000000 -0.713162 1.000000 1.000000 1.000000
1605.495605 0.000000 1887.932495 0.000000 0.355283 0.000000 -0.934759 1.000000 1.000000 1.000000
1604.921631 0.000000 1892.961548 0.000000 0.954148 0.000000 0.299336 1.000000 1.000000 1.000000
1687.936035 0.000000 1802.534180 0.000000 0.750186 0.000000 0.661226 1.000000 1.000000 1.000000
1675.283691 0.000000 1807.278442 0.000000 0.611255 0.000000 -0.791433 1.000000 1.000000 1.000000
1677.980469 0.000000 1795.394897 0.000000 0.821205 0.000000 -0.570633 1.000000 1.000000 1.000000
1674.200562 0.000000 1792.427002 0.000000 0.459241 0.000000 -0.888312 1.000000 1.000000 1.000000
1679.128540 0.000000 1805.764648 0.000000 0.148558 0.000000 -0.988904 1.000000 1.000000 1.000000
1678.616699 0.000000 1797.935059 0.000000 0.835915 0.000000 -0.548859 1.000000 1.000000 1.000000
1725.427856 0.000000 1804.859009 0.000000 0.404183 0.000000 0.914678 1.000000 1.000000 1.000000
1756.109253 0.000000 1817.739624 0.000000 0.308330 0.000000 0.951280 1.000000 1.000000 1.000000
1739.275879 0.000000 1807.278442 0.000000 0.343264 0.000000 0.939239 1.000000 1.000000 1.000000
1736.322388 0.000000 1800.271240 0.000000 0.979833 0.000000 0.199817 1.000000 1.000000 1.000000
1728.249390 0.000000 1803.780884 0.000000 0.270233 0.000000 -0.962795 1.000000 1.000000 1.000000
1752.715088 0.000000 1798.317261 0.000000 0.432249 0.000000 -0.901754 1.000000 1.000000 1.000000
1754.231812 0.000000 1814.447510 0.000000 0.754671 0.000000 -0.656103 1.000000 1.000000 1.000000
1739.772095 0.000000 1803.528320 0.000000 0.410190 0.000000 0.912000 1.000000 1.000000 1.000000
1755.439087 0.000000 1812.102417 0.000000 0.999961 0.000000 -0.008853 1.000000 1.000000 1.000000
1770.268311 0.000000 1821.085693 0.000000 0.749067 0.000000 -0.662495 1.000000 1.000000 1.000000
1788.105347 0.000000 1817.739624 0.000000 0.985226 0.000000 -0.171261 1.000000 1.000000 1.000000
1785.633667 0.000000 1809.979736 0.000000 0.502138 0.000000 0.864787 1.000000 1.000000 1.000000
1768.318481 0.000000 1800.271240 0.000000 0.981501 0.000000 -0.191456 1.000000 1.000000 1.000000
1803.767456 0.000000 1816.477051 0.000000 0.541574 0.000000 -0.840653 1.000000 1.000000 1.000000
1808.800659 0.000000 1811.211426 0.000000 0.862878 0.000000 0.505412 1.000000 1.000000 1.000000
1819.307983 0.000000 1823.930786 0.000000 0.678372 0.000000 0.734719 1.000000 1.000000 1.000000
"}
object={
	name="oak_tree_generator_2_1"
	clamp_to_water_level=no
	render_under_water=no
	generated_content=yes
	layer="oak_tree_layer"
	pdxmesh="tree_oak_2_variation_1_mesh"
	count=192
	transform="1372.156128 0.000000 1753.755249 0.000000 0.070296 0.000000 0.997526 1.000000 1.000000 1.000000
1406.187622 0.000000 1757.473511 0.000000 0.209951 0.000000 -0.977712 1.000000 1.000000 1.000000
1399.971191 0.000000 1770.541992 0.000000 0.981734 0.000000 0.190261 1.000000 1.000000 1.000000
1391.163696 0.000000 1773.772461 0.000000 0.920044 0.000000 0.391816 1.000000 1.000000 1.000000
1408.638794 0.000000 1759.432251 0.000000 0.749477 0.000000 -0.662031 1.000000 1.000000 1.000000
1454.007812 0.000000 1731.410522 0.000000 0.883368 0.000000 0.468679 1.000000 1.000000 1.000000
1458.426758 0.000000 1750.536987 0.000000 0.257352 0.000000 0.966318 1.000000 1.000000 1.000000
1459.985107 0.000000 1758.548462 0.000000 0.983084 0.000000 0.183155 1.000000 1.000000 1.000000
1448.044800 0.000000 1750.257202 0.000000 0.654267 0.000000 -0.756264 1.000000 1.000000 1.000000
1422.011719 0.000000 1763.402710 0.000000 0.044477 0.000000 0.999010 1.000000 1.000000 1.000000
1437.463013 0.000000 1772.866821 0.000000 0.992238 0.000000 -0.124355 1.000000 1.000000 1.000000
1446.937744 0.000000 1777.681885 0.000000 0.923316 0.000000 0.384042 1.000000 1.000000 1.000000
1482.303467 0.000000 1757.101318 0.000000 0.487687 0.000000 -0.873019 1.000000 1.000000 1.000000
1483.307129 0.000000 1743.294067 0.000000 0.675317 0.000000 -0.737527 1.000000 1.000000 1.000000
1499.347046 0.000000 1727.954224 0.000000 0.949893 0.000000 -0.312576 1.000000 1.000000 1.000000
1477.511230 0.000000 1727.971558 0.000000 0.825555 0.000000 0.564322 1.000000 1.000000 1.000000
1494.941772 0.000000 1753.934570 0.000000 0.943026 0.000000 -0.332718 1.000000 1.000000 1.000000
1532.136597 0.000000 1753.755249 0.000000 0.908165 0.000000 -0.418613 1.000000 1.000000 1.000000
1519.335083 0.000000 1755.034790 0.000000 0.448428 0.000000 0.893819 1.000000 1.000000 1.000000
1526.937866 0.000000 1753.934570 0.000000 0.550941 0.000000 0.834544 1.000000 1.000000 1.000000
1486.003906 0.000000 1763.402710 0.000000 0.147030 0.000000 0.989132 1.000000 1.000000 1.000000
1482.223999 0.000000 1760.434814 0.000000 0.444298 0.000000 0.895879 1.000000 1.000000 1.000000
1527.955566 0.000000 1770.541992 0.000000 0.853172 0.000000 -0.521629 1.000000 1.000000 1.000000
1515.303223 0.000000 1775.286255 0.000000 0.961709 0.000000 0.274072 1.000000 1.000000 1.000000
1512.349731 0.000000 1768.279053 0.000000 0.912848 0.000000 -0.408300 1.000000 1.000000 1.000000
1533.021851 0.000000 1766.333008 0.000000 0.903076 0.000000 -0.429480 1.000000 1.000000 1.000000
1508.933350 0.000000 1764.992798 0.000000 0.444176 0.000000 0.895940 1.000000 1.000000 1.000000
1516.727295 0.000000 1767.873779 0.000000 0.347073 0.000000 0.937838 1.000000 1.000000 1.000000
1528.742432 0.000000 1766.325073 0.000000 0.625034 0.000000 0.780597 1.000000 1.000000 1.000000
1521.186401 0.000000 1765.778320 0.000000 0.130623 0.000000 -0.991432 1.000000 1.000000 1.000000
1632.552002 0.000000 1639.529785 0.000000 0.972490 0.000000 -0.232946 1.000000 1.000000 1.000000
1692.117065 0.000000 1657.778687 0.000000 0.001023 0.000000 -0.999999 1.000000 1.000000 1.000000
1717.285645 0.000000 1635.574829 0.000000 0.773722 0.000000 0.633526 1.000000 1.000000 1.000000
1728.777100 0.000000 1621.115112 0.000000 0.865698 0.000000 -0.500566 1.000000 1.000000 1.000000
1736.009644 0.000000 1622.288452 0.000000 0.984114 0.000000 0.177535 1.000000 1.000000 1.000000
1564.132690 0.000000 1721.763062 0.000000 0.614465 0.000000 0.788944 1.000000 1.000000 1.000000
1568.796631 0.000000 1717.091675 0.000000 0.596424 0.000000 -0.802670 1.000000 1.000000 1.000000
1651.961670 0.000000 1694.564087 0.000000 0.833081 0.000000 0.553151 1.000000 1.000000 1.000000
1661.435669 0.000000 1676.890259 0.000000 0.975208 0.000000 -0.221290 1.000000 1.000000 1.000000
1661.006226 0.000000 1702.348633 0.000000 0.977508 0.000000 -0.210897 1.000000 1.000000 1.000000
1536.800537 0.000000 1749.083862 0.000000 0.974735 0.000000 -0.223364 1.000000 1.000000 1.000000
1535.842529 0.000000 1744.202148 0.000000 0.257690 0.000000 0.966228 1.000000 1.000000 1.000000
1596.128784 0.000000 1753.755249 0.000000 0.371124 0.000000 0.928583 1.000000 1.000000 1.000000
1579.295410 0.000000 1743.294067 0.000000 0.971900 0.000000 -0.235393 1.000000 1.000000 1.000000
1568.796631 0.000000 1749.083862 0.000000 0.928666 0.000000 0.370917 1.000000 1.000000 1.000000
1593.657104 0.000000 1745.995361 0.000000 0.004044 0.000000 -0.999992 1.000000 1.000000 1.000000
1583.140259 0.000000 1741.780273 0.000000 0.826789 0.000000 0.562513 1.000000 1.000000 1.000000
1564.132690 0.000000 1785.747437 0.000000 0.981189 0.000000 0.193051 1.000000 1.000000 1.000000
1541.503418 0.000000 1759.963745 0.000000 0.926148 0.000000 0.377161 1.000000 1.000000 1.000000
1555.973389 0.000000 1790.540649 0.000000 0.946497 0.000000 -0.322711 1.000000 1.000000 1.000000
1553.390747 0.000000 1759.732056 0.000000 0.854357 0.000000 -0.519687 1.000000 1.000000 1.000000
1539.870605 0.000000 1784.414795 0.000000 0.997420 0.000000 0.071780 1.000000 1.000000 1.000000
1578.291748 0.000000 1789.093506 0.000000 0.123284 0.000000 -0.992371 1.000000 1.000000 1.000000
1596.128784 0.000000 1785.747437 0.000000 0.672097 0.000000 -0.740463 1.000000 1.000000 1.000000
1581.992188 0.000000 1763.402710 0.000000 0.947741 0.000000 -0.319041 1.000000 1.000000 1.000000
1595.335327 0.000000 1759.946411 0.000000 0.258568 0.000000 0.965993 1.000000 1.000000 1.000000
1597.941650 0.000000 1780.703491 0.000000 0.301916 0.000000 -0.953335 1.000000 1.000000 1.000000
1581.668457 0.000000 1790.754395 0.000000 0.530648 0.000000 0.847592 1.000000 1.000000 1.000000
1613.988281 0.000000 1731.410522 0.000000 0.694946 0.000000 0.719061 1.000000 1.000000 1.000000
1618.407227 0.000000 1750.536987 0.000000 0.958870 0.000000 0.283846 1.000000 1.000000 1.000000
1602.585571 0.000000 1756.856079 0.000000 0.885875 0.000000 0.463924 1.000000 1.000000 1.000000
1603.888306 0.000000 1742.240356 0.000000 0.923965 0.000000 0.382477 1.000000 1.000000 1.000000
1618.478760 0.000000 1744.143311 0.000000 0.348641 0.000000 0.937256 1.000000 1.000000 1.000000
1629.439575 0.000000 1740.874634 0.000000 0.067565 0.000000 0.997715 1.000000 1.000000 1.000000
1625.801025 0.000000 1757.804932 0.000000 0.655150 0.000000 -0.755499 1.000000 1.000000 1.000000
1624.730713 0.000000 1734.332886 0.000000 0.996172 0.000000 0.087412 1.000000 1.000000 1.000000
1645.984375 0.000000 1731.410522 0.000000 0.903507 0.000000 -0.428573 1.000000 1.000000 1.000000
1640.021362 0.000000 1750.257202 0.000000 0.689502 0.000000 0.724284 1.000000 1.000000 1.000000
1650.474854 0.000000 1744.143311 0.000000 0.615059 0.000000 0.788481 1.000000 1.000000 1.000000
1649.379028 0.000000 1727.739868 0.000000 0.489999 0.000000 -0.871723 1.000000 1.000000 1.000000
1649.170776 0.000000 1733.786133 0.000000 0.219669 0.000000 -0.975574 1.000000 1.000000 1.000000
1652.483154 0.000000 1728.496094 0.000000 0.501211 0.000000 -0.865325 1.000000 1.000000 1.000000
1637.693604 0.000000 1735.617676 0.000000 0.813199 0.000000 -0.581986 1.000000 1.000000 1.000000
1636.440308 0.000000 1730.364014 0.000000 0.407469 0.000000 -0.913219 1.000000 1.000000 1.000000
1635.098145 0.000000 1735.073486 0.000000 0.991703 0.000000 -0.128553 1.000000 1.000000 1.000000
1600.792725 0.000000 1781.076050 0.000000 0.307357 0.000000 -0.951594 1.000000 1.000000 1.000000
1627.331421 0.000000 1759.946411 0.000000 0.403879 0.000000 -0.914812 1.000000 1.000000 1.000000
1602.585571 0.000000 1788.848267 0.000000 0.947836 0.000000 -0.318757 1.000000 1.000000 1.000000
1600.265015 0.000000 1771.788696 0.000000 0.265347 0.000000 0.964153 1.000000 1.000000 1.000000
1631.305664 0.000000 1761.481323 0.000000 0.992741 0.000000 -0.120270 1.000000 1.000000 1.000000
1629.080811 0.000000 1763.080322 0.000000 0.490634 0.000000 -0.871366 1.000000 1.000000 1.000000
1632.552002 0.000000 1767.498535 0.000000 0.911946 0.000000 -0.410310 1.000000 1.000000 1.000000
1659.327515 0.000000 1759.946411 0.000000 0.162023 0.000000 0.986787 1.000000 1.000000 1.000000
1648.695435 0.000000 1770.026245 0.000000 0.761236 0.000000 0.648475 1.000000 1.000000 1.000000
1661.006226 0.000000 1766.333008 0.000000 0.451540 0.000000 0.892251 1.000000 1.000000 1.000000
1635.858887 0.000000 1784.414795 0.000000 0.328562 0.000000 -0.944483 1.000000 1.000000 1.000000
1636.104980 0.000000 1770.005371 0.000000 0.441685 0.000000 0.897170 1.000000 1.000000 1.000000
1633.659668 0.000000 1762.279053 0.000000 0.990935 0.000000 -0.134343 1.000000 1.000000 1.000000
1643.783813 0.000000 1771.536133 0.000000 0.908398 0.000000 -0.418106 1.000000 1.000000 1.000000
1653.820435 0.000000 1778.084961 0.000000 0.993446 0.000000 -0.114301 1.000000 1.000000 1.000000
1648.820190 0.000000 1779.219238 0.000000 0.923729 0.000000 0.383046 1.000000 1.000000 1.000000
1663.499756 0.000000 1764.618896 0.000000 0.544643 0.000000 0.838668 1.000000 1.000000 1.000000
1637.693604 0.000000 1767.609863 0.000000 0.946700 0.000000 -0.322118 1.000000 1.000000 1.000000
1682.399414 0.000000 1686.552612 0.000000 0.903894 0.000000 -0.427756 1.000000 1.000000 1.000000
1696.544189 0.000000 1671.521973 0.000000 0.862692 0.000000 -0.505729 1.000000 1.000000 1.000000
1689.645386 0.000000 1714.003174 0.000000 0.959476 0.000000 0.281789 1.000000 1.000000 1.000000
1672.017456 0.000000 1718.265015 0.000000 0.630787 0.000000 0.775956 1.000000 1.000000 1.000000
1679.315552 0.000000 1723.042603 0.000000 0.962056 0.000000 0.272852 1.000000 1.000000 1.000000
1721.641479 0.000000 1714.003174 0.000000 0.218221 0.000000 -0.975899 1.000000 1.000000 1.000000
1702.906494 0.000000 1713.697510 0.000000 0.991217 0.000000 -0.132242 1.000000 1.000000 1.000000
1696.253296 0.000000 1707.804321 0.000000 0.707500 0.000000 0.706713 1.000000 1.000000 1.000000
1736.009644 0.000000 1686.272827 0.000000 0.309811 0.000000 -0.950798 1.000000 1.000000 1.000000
1689.645386 0.000000 1745.995361 0.000000 0.999776 0.000000 -0.021147 1.000000 1.000000 1.000000
1682.470947 0.000000 1744.143311 0.000000 0.412679 0.000000 -0.910877 1.000000 1.000000 1.000000
1667.854980 0.000000 1752.422607 0.000000 0.368675 0.000000 0.929559 1.000000 1.000000 1.000000
1696.781006 0.000000 1749.083862 0.000000 0.367492 0.000000 0.930027 1.000000 1.000000 1.000000
1714.395508 0.000000 1750.536987 0.000000 0.999863 0.000000 -0.016568 1.000000 1.000000 1.000000
1698.573853 0.000000 1756.856079 0.000000 0.114973 0.000000 -0.993369 1.000000 1.000000 1.000000
1715.953857 0.000000 1758.548462 0.000000 0.996737 0.000000 0.080716 1.000000 1.000000 1.000000
1664.548096 0.000000 1767.498535 0.000000 0.960727 0.000000 0.277496 1.000000 1.000000 1.000000
1689.645386 0.000000 1777.987549 0.000000 0.924383 0.000000 0.381467 1.000000 1.000000 1.000000
1695.297852 0.000000 1761.481323 0.000000 0.254788 0.000000 0.966997 1.000000 1.000000 1.000000
1667.130859 0.000000 1777.963623 0.000000 0.977173 0.000000 -0.212445 1.000000 1.000000 1.000000
1675.779907 0.000000 1771.536133 0.000000 0.625481 0.000000 0.780240 1.000000 1.000000 1.000000
1664.607544 0.000000 1791.424438 0.000000 0.883561 0.000000 0.468316 1.000000 1.000000 1.000000
1684.479248 0.000000 1760.488281 0.000000 0.598316 0.000000 -0.801260 1.000000 1.000000 1.000000
1709.976562 0.000000 1763.402710 0.000000 0.423725 0.000000 -0.905791 1.000000 1.000000 1.000000
1701.483887 0.000000 1759.963745 0.000000 0.122254 0.000000 -0.992499 1.000000 1.000000 1.000000
1724.998413 0.000000 1766.333008 0.000000 0.162905 0.000000 0.986642 1.000000 1.000000 1.000000
1725.427856 0.000000 1772.866821 0.000000 0.253577 0.000000 0.967315 1.000000 1.000000 1.000000
1699.851074 0.000000 1784.414795 0.000000 0.733921 0.000000 -0.679235 1.000000 1.000000 1.000000
1696.308350 0.000000 1759.774170 0.000000 0.985476 0.000000 0.169813 1.000000 1.000000 1.000000
1738.272217 0.000000 1757.101318 0.000000 0.363256 0.000000 0.931689 1.000000 1.000000 1.000000
1739.275879 0.000000 1743.294067 0.000000 0.224889 0.000000 -0.974384 1.000000 1.000000 1.000000
1760.536377 0.000000 1735.506348 0.000000 0.490028 0.000000 -0.871707 1.000000 1.000000 1.000000
1762.566040 0.000000 1756.856079 0.000000 0.270642 0.000000 0.962680 1.000000 1.000000 1.000000
1775.303833 0.000000 1755.034790 0.000000 0.993429 0.000000 -0.114448 1.000000 1.000000 1.000000
1779.194580 0.000000 1754.500366 0.000000 0.745332 0.000000 -0.666693 1.000000 1.000000 1.000000
1750.480713 0.000000 1774.432007 0.000000 0.888993 0.000000 0.457920 1.000000 1.000000 1.000000
1765.476074 0.000000 1759.963745 0.000000 0.949119 0.000000 -0.314918 1.000000 1.000000 1.000000
1561.661011 0.000000 1809.979736 0.000000 0.867147 0.000000 -0.498052 1.000000 1.000000 1.000000
1549.468628 0.000000 1812.373657 0.000000 0.586725 0.000000 -0.809786 1.000000 1.000000 1.000000
1558.652954 0.000000 1813.555420 0.000000 0.449270 0.000000 0.893396 1.000000 1.000000 1.000000
1544.003052 0.000000 1804.499512 0.000000 0.704677 0.000000 0.709528 1.000000 1.000000 1.000000
1596.128784 0.000000 1817.739624 0.000000 0.991910 0.000000 -0.126942 1.000000 1.000000 1.000000
1570.589478 0.000000 1820.840454 0.000000 0.215645 0.000000 -0.976472 1.000000 1.000000 1.000000
1585.386841 0.000000 1791.724243 0.000000 0.762005 0.000000 0.647571 1.000000 1.000000 1.000000
1572.925537 0.000000 1796.984985 0.000000 0.618468 0.000000 0.785810 1.000000 1.000000 1.000000
1568.796631 0.000000 1845.060425 0.000000 0.621392 0.000000 0.783500 1.000000 1.000000 1.000000
1573.499512 0.000000 1823.948120 0.000000 0.613389 0.000000 0.789781 1.000000 1.000000 1.000000
1597.014038 0.000000 1830.317383 0.000000 0.420119 0.000000 -0.907469 1.000000 1.000000 1.000000
1600.555908 0.000000 1799.490723 0.000000 0.709780 0.000000 0.704424 1.000000 1.000000 1.000000
1611.291504 0.000000 1807.278442 0.000000 0.999633 0.000000 -0.027086 1.000000 1.000000 1.000000
1602.585571 0.000000 1820.840454 0.000000 0.675681 0.000000 -0.737195 1.000000 1.000000 1.000000
1608.338013 0.000000 1800.271240 0.000000 0.672402 0.000000 -0.740186 1.000000 1.000000 1.000000
1610.208374 0.000000 1792.427002 0.000000 0.908508 0.000000 -0.417868 1.000000 1.000000 1.000000
1600.265015 0.000000 1803.780884 0.000000 0.946853 0.000000 -0.321667 1.000000 1.000000 1.000000
1617.027588 0.000000 1821.738159 0.000000 0.930780 0.000000 0.365580 1.000000 1.000000 1.000000
1617.893677 0.000000 1805.084961 0.000000 0.990874 0.000000 -0.134790 1.000000 1.000000 1.000000
1623.946289 0.000000 1795.863770 0.000000 0.730897 0.000000 -0.682488 1.000000 1.000000 1.000000
1599.860718 0.000000 1820.991333 0.000000 0.805028 0.000000 -0.593236 1.000000 1.000000 1.000000
1632.552002 0.000000 1799.490723 0.000000 0.859157 0.000000 -0.511712 1.000000 1.000000 1.000000
1655.939941 0.000000 1802.534180 0.000000 0.877704 0.000000 0.479203 1.000000 1.000000 1.000000
1632.788818 0.000000 1813.068237 0.000000 0.991347 0.000000 -0.131265 1.000000 1.000000 1.000000
1640.334106 0.000000 1800.271240 0.000000 0.996971 0.000000 0.077770 1.000000 1.000000 1.000000
1645.456909 0.000000 1812.373657 0.000000 0.301018 0.000000 -0.953618 1.000000 1.000000 1.000000
1636.917725 0.000000 1796.984985 0.000000 0.441464 0.000000 0.897279 1.000000 1.000000 1.000000
1657.797119 0.000000 1821.789307 0.000000 0.879005 0.000000 0.476812 1.000000 1.000000 1.000000
1600.555908 0.000000 1831.482910 0.000000 0.996311 0.000000 0.085817 1.000000 1.000000 1.000000
1618.407227 0.000000 1846.513550 0.000000 0.997102 0.000000 0.076077 1.000000 1.000000 1.000000
1617.382935 0.000000 1823.716431 0.000000 0.996546 0.000000 0.083039 1.000000 1.000000 1.000000
1617.174683 0.000000 1829.762695 0.000000 0.766495 0.000000 0.642250 1.000000 1.000000 1.000000
1603.138672 0.000000 1841.947998 0.000000 0.022430 0.000000 -0.999748 1.000000 1.000000 1.000000
1632.552002 0.000000 1831.482910 0.000000 0.999686 0.000000 -0.025069 1.000000 1.000000 1.000000
1640.334106 0.000000 1832.263428 0.000000 0.352011 0.000000 0.935996 1.000000 1.000000 1.000000
1636.917725 0.000000 1828.977173 0.000000 0.117470 0.000000 -0.993076 1.000000 1.000000 1.000000
1610.287842 0.000000 1885.070068 0.000000 0.856958 0.000000 -0.515386 1.000000 1.000000 1.000000
1669.487793 0.000000 1791.955933 0.000000 0.772748 0.000000 0.634713 1.000000 1.000000 1.000000
1667.880493 0.000000 1806.224731 0.000000 0.804365 0.000000 -0.594136 1.000000 1.000000 1.000000
1676.707764 0.000000 1799.865967 0.000000 0.582528 0.000000 -0.812811 1.000000 1.000000 1.000000
1664.257202 0.000000 1803.780884 0.000000 0.264483 0.000000 0.964390 1.000000 1.000000 1.000000
1688.722900 0.000000 1798.317261 0.000000 0.066837 0.000000 0.997764 1.000000 1.000000 1.000000
1684.581421 0.000000 1799.708862 0.000000 0.202704 0.000000 -0.979240 1.000000 1.000000 1.000000
1665.648071 0.000000 1801.725098 0.000000 0.676717 0.000000 -0.736243 1.000000 1.000000 1.000000
1709.976562 0.000000 1795.394897 0.000000 0.990554 0.000000 -0.137124 1.000000 1.000000 1.000000
1713.371216 0.000000 1791.724243 0.000000 0.045325 0.000000 0.998972 1.000000 1.000000 1.000000
1726.728394 0.000000 1800.571533 0.000000 0.948857 0.000000 -0.315707 1.000000 1.000000 1.000000
1728.540283 0.000000 1799.490723 0.000000 0.022660 0.000000 -0.999743 1.000000 1.000000 1.000000
1741.972656 0.000000 1795.394897 0.000000 0.538817 0.000000 0.842423 1.000000 1.000000 1.000000
1756.994507 0.000000 1798.325195 0.000000 0.411793 0.000000 -0.911278 1.000000 1.000000 1.000000
1757.922119 0.000000 1812.695679 0.000000 0.961881 0.000000 0.273467 1.000000 1.000000 1.000000
1729.647949 0.000000 1794.271240 0.000000 0.999453 0.000000 -0.033070 1.000000 1.000000 1.000000
1737.579224 0.000000 1796.450073 0.000000 0.489274 0.000000 -0.872130 1.000000 1.000000 1.000000
1743.120728 0.000000 1805.764648 0.000000 0.210264 0.000000 -0.977645 1.000000 1.000000 1.000000
1749.808716 0.000000 1810.077148 0.000000 0.809940 0.000000 -0.586513 1.000000 1.000000 1.000000
1778.459229 0.000000 1808.127686 0.000000 0.624512 0.000000 0.781015 1.000000 1.000000 1.000000
1782.476807 0.000000 1806.424194 0.000000 0.321675 0.000000 -0.946850 1.000000 1.000000 1.000000
1767.438477 0.000000 1818.236816 0.000000 0.958331 0.000000 0.285661 1.000000 1.000000 1.000000
1771.768188 0.000000 1803.528320 0.000000 0.971964 0.000000 -0.235130 1.000000 1.000000 1.000000
1802.264404 0.000000 1821.085693 0.000000 0.049484 0.000000 0.998775 1.000000 1.000000 1.000000
1795.864868 0.000000 1806.224731 0.000000 0.981471 0.000000 0.191613 1.000000 1.000000 1.000000
1810.455322 0.000000 1808.127686 0.000000 0.588288 0.000000 -0.808651 1.000000 1.000000 1.000000
"}
object={
	name="oak_tree_generator_2_2"
	clamp_to_water_level=no
	render_under_water=no
	generated_content=yes
	layer="oak_tree_layer"
	pdxmesh="tree_oak_2_variation_2_mesh"
	count=142
	transform="1407.333008 0.000000 1761.481323 0.000000 0.277440 0.000000 0.960743 1.000000 1.000000 1.000000
1418.311279 0.000000 1725.109131 0.000000 0.936645 0.000000 0.350280 1.000000 1.000000 1.000000
1527.955566 0.000000 1706.557617 0.000000 0.383132 0.000000 -0.923694 1.000000 1.000000 1.000000
1509.507324 0.000000 1695.979370 0.000000 0.999045 0.000000 -0.043691 1.000000 1.000000 1.000000
1410.609009 0.000000 1756.856079 0.000000 0.094976 0.000000 0.995480 1.000000 1.000000 1.000000
1450.307373 0.000000 1757.101318 0.000000 0.793583 0.000000 0.608462 1.000000 1.000000 1.000000
1470.179810 0.000000 1757.473511 0.000000 0.843436 0.000000 -0.537229 1.000000 1.000000 1.000000
1468.019165 0.000000 1756.277954 0.000000 0.276867 0.000000 0.960908 1.000000 1.000000 1.000000
1414.941650 0.000000 1777.681885 0.000000 0.939390 0.000000 -0.342851 1.000000 1.000000 1.000000
1425.198120 0.000000 1765.778320 0.000000 0.998618 0.000000 0.052556 1.000000 1.000000 1.000000
1451.311035 0.000000 1775.286255 0.000000 0.844783 0.000000 0.535110 1.000000 1.000000 1.000000
1467.350952 0.000000 1759.946411 0.000000 0.289370 0.000000 0.957217 1.000000 1.000000 1.000000
1440.284546 0.000000 1771.788696 0.000000 0.486304 0.000000 -0.873790 1.000000 1.000000 1.000000
1455.155884 0.000000 1773.772461 0.000000 0.898548 0.000000 -0.438875 1.000000 1.000000 1.000000
1500.140503 0.000000 1753.755249 0.000000 0.552814 0.000000 -0.833305 1.000000 1.000000 1.000000
1515.303223 0.000000 1743.294067 0.000000 0.789671 0.000000 0.613531 1.000000 1.000000 1.000000
1529.664917 0.000000 1745.995361 0.000000 0.553951 0.000000 -0.832549 1.000000 1.000000 1.000000
1507.900024 0.000000 1742.240356 0.000000 0.890387 0.000000 -0.455204 1.000000 1.000000 1.000000
1483.630371 0.000000 1762.606079 0.000000 0.901558 0.000000 0.432658 1.000000 1.000000 1.000000
1513.606567 0.000000 1764.457886 0.000000 0.378847 0.000000 0.925459 1.000000 1.000000 1.000000
1534.751831 0.000000 1768.579346 0.000000 0.727246 0.000000 -0.686377 1.000000 1.000000 1.000000
1508.455933 0.000000 1762.356201 0.000000 0.085066 0.000000 0.996375 1.000000 1.000000 1.000000
1667.880493 0.000000 1646.263794 0.000000 0.713905 0.000000 0.700242 1.000000 1.000000 1.000000
1739.275879 0.000000 1615.325317 0.000000 0.483889 0.000000 0.875129 1.000000 1.000000 1.000000
1734.902588 0.000000 1617.720947 0.000000 0.274783 0.000000 0.961506 1.000000 1.000000 1.000000
1578.291748 0.000000 1693.116943 0.000000 0.971120 0.000000 0.238593 1.000000 1.000000 1.000000
1581.992188 0.000000 1667.426147 0.000000 0.999067 0.000000 -0.043188 1.000000 1.000000 1.000000
1586.482666 0.000000 1712.151123 0.000000 0.938680 0.000000 0.344789 1.000000 1.000000 1.000000
1608.025269 0.000000 1686.272827 0.000000 0.969823 0.000000 -0.243810 1.000000 1.000000 1.000000
1600.555908 0.000000 1703.514160 0.000000 0.554330 0.000000 0.832297 1.000000 1.000000 1.000000
1628.124878 0.000000 1721.763062 0.000000 0.794199 0.000000 0.607658 1.000000 1.000000 1.000000
1651.961670 0.000000 1726.556274 0.000000 0.897875 0.000000 0.440250 1.000000 1.000000 1.000000
1538.593384 0.000000 1756.856079 0.000000 0.192296 0.000000 0.981337 1.000000 1.000000 1.000000
1554.486572 0.000000 1744.143311 0.000000 0.563032 0.000000 0.826435 1.000000 1.000000 1.000000
1565.945557 0.000000 1748.711304 0.000000 0.937032 0.000000 0.349245 1.000000 1.000000 1.000000
1542.926025 0.000000 1745.689697 0.000000 0.484128 0.000000 -0.874997 1.000000 1.000000 1.000000
1584.703247 0.000000 1738.034058 0.000000 0.967873 0.000000 0.251438 1.000000 1.000000 1.000000
1567.838623 0.000000 1744.202148 0.000000 0.647109 0.000000 0.762397 1.000000 1.000000 1.000000
1536.800537 0.000000 1781.076050 0.000000 0.970368 0.000000 -0.241630 1.000000 1.000000 1.000000
1537.671387 0.000000 1762.279053 0.000000 0.729187 0.000000 -0.684315 1.000000 1.000000 1.000000
1568.559814 0.000000 1767.498535 0.000000 0.841628 0.000000 -0.540058 1.000000 1.000000 1.000000
1591.947754 0.000000 1770.541992 0.000000 0.179375 0.000000 0.983781 1.000000 1.000000 1.000000
1593.657104 0.000000 1777.987549 0.000000 0.933474 0.000000 0.358646 1.000000 1.000000 1.000000
1586.482666 0.000000 1776.135498 0.000000 0.998108 0.000000 -0.061485 1.000000 1.000000 1.000000
1585.386841 0.000000 1759.732056 0.000000 0.852101 0.000000 0.523377 1.000000 1.000000 1.000000
1572.112793 0.000000 1770.005371 0.000000 0.080513 0.000000 -0.996754 1.000000 1.000000 1.000000
1590.500244 0.000000 1774.432007 0.000000 0.290693 0.000000 -0.956816 1.000000 1.000000 1.000000
1611.291504 0.000000 1743.294067 0.000000 0.634114 0.000000 0.773240 1.000000 1.000000 1.000000
1605.495605 0.000000 1727.971558 0.000000 0.561515 0.000000 0.827467 1.000000 1.000000 1.000000
1622.926147 0.000000 1753.934570 0.000000 0.278655 0.000000 -0.960391 1.000000 1.000000 1.000000
1603.862793 0.000000 1752.422607 0.000000 0.986391 0.000000 0.164419 1.000000 1.000000 1.000000
1620.589233 0.000000 1735.724487 0.000000 0.989621 0.000000 0.143702 1.000000 1.000000 1.000000
1615.136353 0.000000 1741.780273 0.000000 0.941506 0.000000 0.336997 1.000000 1.000000 1.000000
1661.006226 0.000000 1734.340820 0.000000 0.968035 0.000000 -0.250816 1.000000 1.000000 1.000000
1636.917725 0.000000 1733.000610 0.000000 0.473930 0.000000 -0.880562 1.000000 1.000000 1.000000
1631.830811 0.000000 1744.202148 0.000000 0.081088 0.000000 0.996707 1.000000 1.000000 1.000000
1648.820190 0.000000 1747.227051 0.000000 0.777658 0.000000 0.628688 1.000000 1.000000 1.000000
1663.499756 0.000000 1732.626709 0.000000 0.902338 0.000000 0.431029 1.000000 1.000000 1.000000
1608.025269 0.000000 1782.249390 0.000000 0.464967 0.000000 -0.885328 1.000000 1.000000 1.000000
1606.918213 0.000000 1777.681885 0.000000 0.786692 0.000000 0.617346 1.000000 1.000000 1.000000
1604.490967 0.000000 1781.068970 0.000000 0.843375 0.000000 -0.537325 1.000000 1.000000 1.000000
1651.961670 0.000000 1790.540649 0.000000 0.274646 0.000000 0.961545 1.000000 1.000000 1.000000
1640.334106 0.000000 1768.279053 0.000000 0.098824 0.000000 -0.995105 1.000000 1.000000 1.000000
1636.917725 0.000000 1764.992798 0.000000 0.900492 0.000000 -0.434873 1.000000 1.000000 1.000000
1652.183105 0.000000 1771.385376 0.000000 0.298801 0.000000 -0.954316 1.000000 1.000000 1.000000
1723.319702 0.000000 1663.969849 0.000000 0.080880 0.000000 -0.996724 1.000000 1.000000 1.000000
1664.548096 0.000000 1703.514160 0.000000 0.373866 0.000000 -0.927483 1.000000 1.000000 1.000000
1692.117065 0.000000 1721.763062 0.000000 0.487141 0.000000 -0.873323 1.000000 1.000000 1.000000
1675.783081 0.000000 1720.500488 0.000000 0.729731 0.000000 0.683735 1.000000 1.000000 1.000000
1699.876587 0.000000 1710.248169 0.000000 0.550311 0.000000 0.834960 1.000000 1.000000 1.000000
1700.097168 0.000000 1706.020996 0.000000 0.092741 0.000000 -0.995690 1.000000 1.000000 1.000000
1695.882080 0.000000 1721.709106 0.000000 0.558446 0.000000 -0.829541 1.000000 1.000000 1.000000
1664.548096 0.000000 1735.506348 0.000000 0.720055 0.000000 -0.693918 1.000000 1.000000 1.000000
1664.784912 0.000000 1749.083862 0.000000 0.932681 0.000000 0.360703 1.000000 1.000000 1.000000
1681.375122 0.000000 1727.739868 0.000000 0.070503 0.000000 -0.997512 1.000000 1.000000 1.000000
1686.488525 0.000000 1742.439819 0.000000 0.476661 0.000000 0.879087 1.000000 1.000000 1.000000
1681.166870 0.000000 1733.786133 0.000000 0.966427 0.000000 0.256942 1.000000 1.000000 1.000000
1687.958496 0.000000 1744.351562 0.000000 0.839450 0.000000 0.543437 1.000000 1.000000 1.000000
1719.932129 0.000000 1738.549805 0.000000 0.562551 0.000000 -0.826763 1.000000 1.000000 1.000000
1707.279785 0.000000 1743.294067 0.000000 0.933006 0.000000 0.359862 1.000000 1.000000 1.000000
1723.319702 0.000000 1727.954224 0.000000 0.477600 0.000000 -0.878577 1.000000 1.000000 1.000000
1725.427856 0.000000 1740.874634 0.000000 0.990123 0.000000 0.140201 1.000000 1.000000 1.000000
1713.371216 0.000000 1727.739868 0.000000 0.378733 0.000000 0.925506 1.000000 1.000000 1.000000
1700.909912 0.000000 1733.000610 0.000000 0.279066 0.000000 0.960272 1.000000 1.000000 1.000000
1696.603638 0.000000 1759.432251 0.000000 0.850520 0.000000 -0.525942 1.000000 1.000000 1.000000
1675.283691 0.000000 1775.286255 0.000000 0.989549 0.000000 -0.144200 1.000000 1.000000 1.000000
1663.826904 0.000000 1776.194336 0.000000 0.391223 0.000000 -0.920296 1.000000 1.000000 1.000000
1665.655762 0.000000 1762.279053 0.000000 0.368903 0.000000 -0.929468 1.000000 1.000000 1.000000
1679.128540 0.000000 1773.772461 0.000000 0.725564 0.000000 -0.688154 1.000000 1.000000 1.000000
1693.042114 0.000000 1776.466675 0.000000 0.193721 0.000000 0.981057 1.000000 1.000000 1.000000
1682.144287 0.000000 1762.709351 0.000000 0.900314 0.000000 -0.435241 1.000000 1.000000 1.000000
1696.781006 0.000000 1781.076050 0.000000 0.837522 0.000000 -0.546404 1.000000 1.000000 1.000000
1714.395508 0.000000 1782.529175 0.000000 0.190869 0.000000 -0.981616 1.000000 1.000000 1.000000
1715.953857 0.000000 1790.540649 0.000000 0.728417 0.000000 -0.685134 1.000000 1.000000 1.000000
1714.467041 0.000000 1776.135498 0.000000 0.476643 0.000000 -0.879097 1.000000 1.000000 1.000000
1707.776001 0.000000 1771.536133 0.000000 0.998497 0.000000 -0.054803 1.000000 1.000000 1.000000
1716.913086 0.000000 1783.832764 0.000000 0.999203 0.000000 0.039913 1.000000 1.000000 1.000000
1728.777100 0.000000 1749.083862 0.000000 0.989983 0.000000 0.141185 1.000000 1.000000 1.000000
1732.906006 0.000000 1733.000610 0.000000 0.488908 0.000000 0.872335 1.000000 1.000000 1.000000
1741.648926 0.000000 1758.762207 0.000000 0.932586 0.000000 0.360949 1.000000 1.000000 1.000000
1771.271973 0.000000 1743.294067 0.000000 0.653373 0.000000 -0.757036 1.000000 1.000000 1.000000
1760.773193 0.000000 1749.083862 0.000000 0.378131 0.000000 -0.925752 1.000000 1.000000 1.000000
1753.637573 0.000000 1777.987549 0.000000 0.202095 0.000000 0.979366 1.000000 1.000000 1.000000
1753.957764 0.000000 1773.785156 0.000000 0.794249 0.000000 -0.607592 1.000000 1.000000 1.000000
1741.359985 0.000000 1759.700806 0.000000 0.202069 0.000000 0.979371 1.000000 1.000000 1.000000
1777.363403 0.000000 1759.732056 0.000000 0.100742 0.000000 -0.994913 1.000000 1.000000 1.000000
1785.953857 0.000000 1773.785156 0.000000 0.987917 0.000000 -0.154986 1.000000 1.000000 1.000000
1541.503418 0.000000 1791.955933 0.000000 0.462689 0.000000 0.886521 1.000000 1.000000 1.000000
1579.295410 0.000000 1807.278442 0.000000 0.287538 0.000000 -0.957769 1.000000 1.000000 1.000000
1578.212280 0.000000 1792.427002 0.000000 0.369876 0.000000 -0.929081 1.000000 1.000000 1.000000
1592.734619 0.000000 1798.317261 0.000000 0.934302 0.000000 -0.356482 1.000000 1.000000 1.000000
1598.164185 0.000000 1821.457886 0.000000 0.275379 0.000000 -0.961336 1.000000 1.000000 1.000000
1571.892212 0.000000 1838.216919 0.000000 0.569557 0.000000 0.821952 1.000000 1.000000 1.000000
1585.178589 0.000000 1829.762695 0.000000 0.639710 0.000000 0.768617 1.000000 1.000000 1.000000
1615.323364 0.000000 1819.019165 0.000000 0.718989 0.000000 0.695021 1.000000 1.000000 1.000000
1613.375610 0.000000 1791.692993 0.000000 0.553143 0.000000 0.833086 1.000000 1.000000 1.000000
1643.287598 0.000000 1807.278442 0.000000 0.997949 0.000000 0.064012 1.000000 1.000000 1.000000
1661.006226 0.000000 1798.325195 0.000000 0.894408 0.000000 0.447251 1.000000 1.000000 1.000000
1631.830811 0.000000 1808.186523 0.000000 0.071742 0.000000 -0.997423 1.000000 1.000000 1.000000
1663.301758 0.000000 1793.473511 0.000000 0.938586 0.000000 -0.345046 1.000000 1.000000 1.000000
1658.425537 0.000000 1795.259888 0.000000 0.560393 0.000000 -0.828227 1.000000 1.000000 1.000000
1646.995239 0.000000 1815.456787 0.000000 0.198401 0.000000 0.980121 1.000000 1.000000 1.000000
1605.495605 0.000000 1823.948120 0.000000 0.075156 0.000000 0.997172 1.000000 1.000000 1.000000
1610.208374 0.000000 1824.419189 0.000000 0.575265 0.000000 0.817967 1.000000 1.000000 1.000000
1631.305664 0.000000 1825.465698 0.000000 0.296211 0.000000 -0.955122 1.000000 1.000000 1.000000
1659.327515 0.000000 1823.930786 0.000000 0.724365 0.000000 -0.689417 1.000000 1.000000 1.000000
1633.659668 0.000000 1826.263428 0.000000 0.375650 0.000000 0.926761 1.000000 1.000000 1.000000
1585.386841 0.000000 1855.708618 0.000000 0.779713 0.000000 -0.626137 1.000000 1.000000 1.000000
1600.555908 0.000000 1863.475098 0.000000 0.986579 0.000000 0.163285 1.000000 1.000000 1.000000
1623.943848 0.000000 1866.518555 0.000000 0.998939 0.000000 -0.046055 1.000000 1.000000 1.000000
1608.025269 0.000000 1878.225952 0.000000 0.939943 0.000000 0.341331 1.000000 1.000000 1.000000
1632.552002 0.000000 1863.475098 0.000000 0.634084 0.000000 0.773265 1.000000 1.000000 1.000000
1664.548096 0.000000 1799.490723 0.000000 0.998070 0.000000 -0.062092 1.000000 1.000000 1.000000
1668.101074 0.000000 1801.997559 0.000000 0.388822 0.000000 -0.921313 1.000000 1.000000 1.000000
1665.655762 0.000000 1794.271240 0.000000 0.936754 0.000000 -0.349988 1.000000 1.000000 1.000000
1666.650513 0.000000 1804.002075 0.000000 0.792540 0.000000 -0.609820 1.000000 1.000000 1.000000
1724.998413 0.000000 1798.325195 0.000000 0.375665 0.000000 -0.926755 1.000000 1.000000 1.000000
1727.293945 0.000000 1793.473511 0.000000 0.385711 0.000000 -0.922620 1.000000 1.000000 1.000000
1753.637573 0.000000 1809.979736 0.000000 0.898618 0.000000 -0.438733 1.000000 1.000000 1.000000
1750.629517 0.000000 1813.555420 0.000000 0.965558 0.000000 -0.260189 1.000000 1.000000 1.000000
1768.005737 0.000000 1814.241577 0.000000 0.894704 0.000000 0.446659 1.000000 1.000000 1.000000
1798.894775 0.000000 1809.674072 0.000000 0.890031 0.000000 0.455900 1.000000 1.000000 1.000000
"}
