object={
	name="rock_generator_1_0"
	clamp_to_water_level=no
	render_under_water=no
	generated_content=yes
	layer="rock_layer"
	pdxmesh="rock_Lshape_mesh"
	count=19
	transform="1655.552612 0.000000 1696.147095 0.000000 0.434879 0.000000 -0.900489 0.649712 0.649712 0.649712
1663.499756 0.000000 1700.634521 0.000000 0.989672 0.000000 0.143352 0.480787 0.480787 0.480787
1604.444214 0.000000 1762.356201 0.000000 0.836796 0.000000 0.547514 0.422903 0.422903 0.422903
1614.050781 0.000000 1770.216309 0.000000 0.220079 0.000000 -0.975482 0.680166 0.680166 0.680166
1652.585327 0.000000 1767.716675 0.000000 0.886918 0.000000 -0.461927 0.562455 0.562455 0.562455
1649.170776 0.000000 1765.778320 0.000000 0.811617 0.000000 0.584190 0.418073 0.418073 0.418073
1665.655762 0.000000 1698.294678 0.000000 0.683166 0.000000 0.730263 0.392080 0.392080 0.392080
1595.335327 0.000000 1791.938599 0.000000 0.973134 0.000000 0.230240 0.469897 0.469897 0.469897
4862.779785 0.000000 319.283051 0.000000 0.918712 0.000000 -0.394929 0.675264 0.675264 0.675264
4858.678223 0.000000 312.137482 0.000000 0.826914 0.000000 -0.562329 0.588114 0.588114 0.588114
4880.426270 0.000000 307.578552 0.000000 0.633792 0.000000 -0.773503 0.617677 0.617677 0.617677
4874.084473 0.000000 313.482422 0.000000 0.081734 0.000000 0.996654 0.294961 0.294961 0.294961
4869.740234 0.000000 335.279358 0.000000 0.347739 0.000000 0.937591 0.327618 0.327618 0.327618
4872.591309 0.000000 345.778259 0.000000 0.998469 0.000000 -0.055318 1.017617 1.017617 1.017617
4882.899902 0.000000 330.936127 0.000000 0.145152 0.000000 -0.989409 1.165756 1.165756 1.165756
4881.212891 0.000000 330.585602 0.000000 0.155616 0.000000 0.987818 0.549736 0.549736 0.549736
4872.319336 0.000000 344.933929 0.000000 0.997918 0.000000 0.064498 0.979455 0.979455 0.979455
4884.252441 0.000000 368.556458 0.000000 0.714997 0.000000 0.699127 0.384421 0.384421 0.384421
4885.905762 0.000000 368.858490 0.000000 0.766301 0.000000 0.642481 0.395833 0.395833 0.395833
"}
object={
	name="rock_generator_1_1"
	clamp_to_water_level=no
	render_under_water=no
	generated_content=yes
	layer="rock_layer"
	pdxmesh="rock_jagged_mesh"
	count=3
	transform="1616.699341 0.000000 1770.026245 0.000000 0.945070 0.000000 -0.326869 0.543146 0.543146 0.543146
4882.797852 0.000000 309.736389 0.000000 0.880155 0.000000 0.474687 0.497641 0.497641 0.497641
4886.333496 0.000000 363.344635 0.000000 0.053260 0.000000 -0.998581 0.867913 0.867913 0.867913
"}
object={
	name="rock_generator_1_2"
	clamp_to_water_level=no
	render_under_water=no
	generated_content=yes
	layer="rock_layer"
	pdxmesh="rock_jagged_2_mesh"
	count=3
	transform="4882.486816 0.000000 306.617371 0.000000 0.505274 0.000000 0.862959 0.423452 0.423452 0.423452
4883.935059 0.000000 306.998718 0.000000 0.843271 0.000000 0.537488 0.518936 0.518936 0.518936
4887.748047 0.000000 365.293152 0.000000 0.570436 0.000000 -0.821342 0.647252 0.647252 0.647252
"}
object={
	name="rock_generator_1_3"
	clamp_to_water_level=no
	render_under_water=no
	generated_content=yes
	layer="rock_layer"
	pdxmesh="rock_M_mesh"
	count=22
	transform="1655.939941 0.000000 1706.557617 0.000000 0.324026 0.000000 0.946048 0.340466 0.340466 0.340466
1661.435669 0.000000 1708.882446 0.000000 0.512265 0.000000 0.858827 0.365125 0.365125 0.365125
1657.969482 0.000000 1709.800781 0.000000 0.532760 0.000000 -0.846267 0.634507 0.634507 0.634507
1593.804932 0.000000 1789.797119 0.000000 0.874410 0.000000 -0.485188 0.567661 0.567661 0.567661
1590.632446 0.000000 1788.918579 0.000000 0.333335 0.000000 0.942809 0.337431 0.337431 0.337431
1604.921631 0.000000 1764.992798 0.000000 0.977389 0.000000 0.211449 0.472022 0.472022 0.472022
1653.293457 0.000000 1763.543579 0.000000 0.165055 0.000000 -0.986284 0.682396 0.682396 0.682396
4857.853516 0.000000 310.814758 0.000000 0.366379 0.000000 0.930466 0.336716 0.336716 0.336716
4883.562012 0.000000 308.504578 0.000000 0.966347 0.000000 -0.257241 0.638881 0.638881 0.638881
4875.148926 0.000000 314.381500 0.000000 0.833786 0.000000 -0.552087 0.589215 0.589215 0.589215
4863.517578 0.000000 318.645691 0.000000 0.280162 0.000000 -0.959953 0.842811 0.842811 0.842811
4877.652832 0.000000 311.222717 0.000000 0.866559 0.000000 0.499074 0.557417 0.557417 0.557417
4877.034180 0.000000 309.892029 0.000000 0.504022 0.000000 0.863691 0.444121 0.444121 0.444121
4867.490234 0.000000 334.584076 0.000000 0.993988 0.000000 -0.109488 0.516132 0.516132 0.516132
4881.495605 0.000000 333.444336 0.000000 0.574733 0.000000 0.818341 0.519127 0.519127 0.519127
4868.962402 0.000000 332.522797 0.000000 0.289292 0.000000 0.957241 0.308987 0.308987 0.308987
4873.132812 0.000000 344.428467 0.000000 0.469745 0.000000 0.882802 0.655654 0.655654 0.655654
4866.148438 0.000000 333.913208 0.000000 0.883397 0.000000 0.468625 0.544946 0.544946 0.544946
4867.363770 0.000000 333.196991 0.000000 0.391113 0.000000 -0.920343 0.885133 0.885133 0.885133
4880.426270 0.000000 371.562927 0.000000 0.100257 0.000000 0.994962 0.478770 0.478770 0.478770
4887.568359 0.000000 368.687531 0.000000 0.993640 0.000000 -0.112604 0.684519 0.684519 0.684519
4886.808594 0.000000 369.798035 0.000000 0.926481 0.000000 -0.376341 0.741941 0.741941 0.741941
"}
object={
	name="rock_generator_1_4"
	clamp_to_water_level=no
	render_under_water=no
	generated_content=yes
	layer="rock_layer"
	pdxmesh="rock_L_mesh"
	count=22
	transform="1652.483154 0.000000 1696.503906 0.000000 0.216831 0.000000 0.976209 0.320402 0.320402 0.320402
1655.942383 0.000000 1699.887207 0.000000 0.888115 0.000000 0.459622 0.436452 0.436452 0.436452
1600.555908 0.000000 1767.498535 0.000000 0.906661 0.000000 0.421860 0.444442 0.444442 0.444442
1605.495605 0.000000 1759.963745 0.000000 0.370027 0.000000 -0.929021 0.652632 0.652632 0.652632
1615.136353 0.000000 1773.772461 0.000000 0.141415 0.000000 0.989950 0.309505 0.309505 0.309505
1663.799072 0.000000 1700.658813 0.000000 0.971724 0.000000 -0.236118 0.531838 0.531838 0.531838
4861.766113 0.000000 317.825104 0.000000 0.337145 0.000000 0.941453 0.337046 0.337046 0.337046
4859.028320 0.000000 310.984558 0.000000 0.829425 0.000000 0.558618 0.625203 0.625203 0.625203
4877.062988 0.000000 308.740875 0.000000 0.970121 0.000000 0.242623 0.612854 0.612854 0.612854
4875.392578 0.000000 312.844208 0.000000 0.612802 0.000000 0.790237 0.394306 0.394306 0.394306
4863.462891 0.000000 317.358521 0.000000 0.887186 0.000000 0.461413 0.433310 0.433310 0.433310
4882.424316 0.000000 307.861298 0.000000 0.827498 0.000000 -0.561469 0.753517 0.753517 0.753517
4866.260254 0.000000 332.361450 0.000000 0.378444 0.000000 0.925624 0.402245 0.402245 0.402245
4880.083984 0.000000 333.649841 0.000000 0.379473 0.000000 -0.925203 1.028032 1.028032 1.028032
4880.825684 0.000000 332.202576 0.000000 0.964149 0.000000 -0.265361 0.810926 0.810926 0.810926
4883.938965 0.000000 330.554321 0.000000 0.733790 0.000000 0.679376 0.611295 0.611295 0.611295
4887.545898 0.000000 362.885712 0.000000 0.980843 0.000000 -0.194798 0.622660 0.622660 0.622660
4886.098145 0.000000 366.775757 0.000000 0.376216 0.000000 0.926532 0.340234 0.340234 0.340234
4879.500000 0.000000 364.210297 0.000000 0.996838 0.000000 -0.079464 0.548497 0.548497 0.548497
4881.375488 0.000000 370.897675 0.000000 0.262970 0.000000 0.964804 0.526232 0.526232 0.526232
4881.381348 0.000000 371.963531 0.000000 0.987880 0.000000 -0.155217 0.944647 0.944647 0.944647
4880.347656 0.000000 370.655212 0.000000 0.039877 0.000000 -0.999205 1.338573 1.338573 1.338573
"}
