object={
	name="tree_pine_generator_1_0"
	clamp_to_water_level=no
	render_under_water=no
	generated_content=yes
	layer="tree_layer"
	pdxmesh="tree_pine_01_mesh"
	count=530
	transform="1578.291748 0.000000 1885.070068 0.000000 0.052785 0.000000 0.998606 0.727453 0.727453 0.727453
1596.128784 0.000000 1881.723999 0.000000 0.304800 0.000000 0.952417 0.805858 0.805858 0.805858
1586.411133 0.000000 1878.505737 0.000000 0.314908 0.000000 -0.949122 1.099793 1.099793 1.099793
1570.323975 0.000000 1887.380615 0.000000 0.991022 0.000000 -0.133698 0.938688 0.938688 0.938688
1576.361694 0.000000 1877.845703 0.000000 0.950551 0.000000 0.310568 0.937417 0.937417 0.937417
1589.174927 0.000000 1884.880005 0.000000 0.502246 0.000000 0.864725 0.824823 0.824823 0.824823
1592.419556 0.000000 1876.848755 0.000000 0.025033 0.000000 -0.999687 1.190132 1.190132 1.190132
1572.095703 0.000000 1881.838623 0.000000 0.786578 0.000000 -0.617491 1.084860 1.084860 1.084860
1583.624634 0.000000 1884.090576 0.000000 0.997206 0.000000 -0.074697 0.962310 0.962310 0.962310
1581.475952 0.000000 1876.344360 0.000000 0.779713 0.000000 -0.626137 1.045601 1.045601 1.045601
1580.210571 0.000000 1880.688843 0.000000 0.786907 0.000000 0.617071 0.869943 0.869943 0.869943
1594.380005 0.000000 1885.906128 0.000000 0.404947 0.000000 -0.914340 1.171970 1.171970 1.171970
1597.971313 0.000000 1877.456543 0.000000 0.546236 0.000000 0.837631 0.882381 0.882381 0.882381
1591.385010 0.000000 1881.051636 0.000000 0.390226 0.000000 0.920719 0.829450 0.829450 0.829450
1574.159790 0.000000 1885.628784 0.000000 0.380037 0.000000 -0.924971 1.228596 1.228596 1.228596
1585.108032 0.000000 1874.604858 0.000000 0.259970 0.000000 0.965617 0.847652 0.847652 0.847652
1575.924072 0.000000 1881.651855 0.000000 0.833228 0.000000 0.552930 0.853313 0.853313 0.853313
1598.194580 0.000000 1885.997681 0.000000 0.672317 0.000000 -0.740263 1.009720 1.009720 1.009720
1586.826172 0.000000 1882.112671 0.000000 0.779733 0.000000 0.626113 0.880510 0.880510 0.880510
1588.825195 0.000000 1875.866211 0.000000 0.883436 0.000000 -0.468553 0.957699 0.957699 0.957699
1583.677979 0.000000 1880.742920 0.000000 0.301295 0.000000 -0.953531 1.282370 1.282370 1.282370
1595.022583 0.000000 1878.679077 0.000000 0.245587 0.000000 0.969374 0.796133 0.796133 0.796133
1581.251221 0.000000 1886.030273 0.000000 0.302200 0.000000 -0.953245 1.066583 1.066583 1.066583
1586.320679 0.000000 1886.050903 0.000000 0.334621 0.000000 0.942353 0.868557 0.868557 0.868557
1589.513550 0.000000 1878.773560 0.000000 0.999055 0.000000 0.043457 0.944016 0.944016 0.944016
1592.229858 0.000000 1883.904175 0.000000 0.671482 0.000000 -0.741021 1.156383 1.156383 1.156383
1598.855347 0.000000 1880.337158 0.000000 0.138849 0.000000 0.990314 0.825781 0.825781 0.825781
1579.163696 0.000000 1877.935791 0.000000 0.111165 0.000000 -0.993802 1.340955 1.340955 1.340955
1574.075073 0.000000 1879.602173 0.000000 0.684727 0.000000 -0.728799 1.295881 1.295881 1.295881
1579.130127 0.000000 1874.907104 0.000000 0.689365 0.000000 0.724414 0.874548 0.874548 0.874548
1580.804321 0.000000 1883.374756 0.000000 0.671144 0.000000 0.741327 0.847185 0.847185 0.847185
1598.883911 0.000000 1883.422852 0.000000 0.615838 0.000000 0.787873 0.867603 0.867603 0.867603
1584.037598 0.000000 1877.121948 0.000000 0.431561 0.000000 -0.902084 1.264349 1.264349 1.264349
1578.391235 0.000000 1882.512085 0.000000 0.135898 0.000000 0.990723 0.656088 0.656088 0.656088
1591.373779 0.000000 1886.306763 0.000000 0.322665 0.000000 0.946513 0.833371 0.833371 0.833371
1582.158203 0.000000 1878.772339 0.000000 0.858348 0.000000 -0.513068 0.990485 0.990485 0.990485
1577.862427 0.000000 1880.096924 0.000000 0.880073 0.000000 0.474839 0.897412 0.897412 0.897412
1596.351318 0.000000 1884.222046 0.000000 0.747001 0.000000 0.664823 0.882573 0.882573 0.882573
1589.391113 0.000000 1882.341187 0.000000 0.999524 0.000000 0.030836 0.975964 0.975964 0.975964
1593.642700 0.000000 1881.856934 0.000000 0.785935 0.000000 0.618309 0.885432 0.885432 0.885432
1574.080078 0.000000 1883.052246 0.000000 0.612434 0.000000 -0.790522 1.298602 1.298602 1.298602
1576.182251 0.000000 1884.042725 0.000000 0.564088 0.000000 0.825715 0.829349 0.829349 0.829349
1576.412720 0.000000 1886.808472 0.000000 0.778651 0.000000 -0.627458 0.982808 0.982808 0.982808
1592.859009 0.000000 1879.159424 0.000000 0.545268 0.000000 -0.838262 1.130204 1.130204 1.130204
1587.887207 0.000000 1880.235840 0.000000 0.442206 0.000000 0.896914 0.782336 0.782336 0.782336
1596.841553 0.000000 1879.733887 0.000000 0.038021 0.000000 0.999277 0.758902 0.758902 0.758902
1572.120850 0.000000 1886.207153 0.000000 0.873180 0.000000 0.487398 0.893035 0.893035 0.893035
1586.411133 0.000000 1876.258667 0.000000 0.648453 0.000000 -0.761255 1.215790 1.215790 1.215790
1577.293701 0.000000 1876.002563 0.000000 0.877447 0.000000 0.479673 0.890545 0.890545 0.890545
1585.682861 0.000000 1880.442261 0.000000 0.858259 0.000000 0.513216 0.888240 0.888240 0.888240
1593.047852 0.000000 1887.399902 0.000000 0.296817 0.000000 0.954935 0.821046 0.821046 0.821046
1588.317017 0.000000 1886.712524 0.000000 0.295655 0.000000 0.955295 0.794297 0.794297 0.794297
1582.582031 0.000000 1882.401489 0.000000 0.590741 0.000000 -0.806862 1.107081 1.107081 1.107081
1594.353638 0.000000 1883.786011 0.000000 0.798264 0.000000 0.602307 0.886352 0.886352 0.886352
1596.280029 0.000000 1886.603638 0.000000 0.839139 0.000000 -0.543916 1.075679 1.075679 1.075679
1579.300293 0.000000 1886.755981 0.000000 0.081523 0.000000 -0.996671 1.087898 1.087898 1.087898
1572.657959 0.000000 1884.303101 0.000000 0.693112 0.000000 0.720830 0.857178 0.857178 0.857178
1587.987793 0.000000 1877.538452 0.000000 0.553958 0.000000 -0.832545 1.243879 1.243879 1.243879
1576.054443 0.000000 1879.611328 0.000000 0.943043 0.000000 0.332670 0.922158 0.922158 0.922158
1591.246094 0.000000 1878.189575 0.000000 0.988348 0.000000 0.152209 0.945248 0.945248 0.945248
1584.243530 0.000000 1878.936646 0.000000 0.075320 0.000000 -0.997159 1.147774 1.147774 1.147774
1597.922241 0.000000 1881.833740 0.000000 0.509464 0.000000 0.860492 0.833340 0.833340 0.833340
1590.492798 0.000000 1883.710815 0.000000 0.751975 0.000000 -0.659192 1.140156 1.140156 1.140156
1572.425903 0.000000 1880.015259 0.000000 0.881783 0.000000 0.471656 0.898525 0.898525 0.898525
1573.885986 0.000000 1881.341797 0.000000 0.660451 0.000000 0.750869 0.840822 0.840822 0.840822
1589.514648 0.000000 1880.555176 0.000000 0.846693 0.000000 -0.532082 1.044269 1.044269 1.044269
1581.927124 0.000000 1880.396973 0.000000 0.251601 0.000000 -0.967831 1.194363 1.194363 1.194363
1579.989014 0.000000 1884.971069 0.000000 0.758863 0.000000 -0.651250 1.097995 1.097995 1.097995
1589.851196 0.000000 1877.171021 0.000000 0.834021 0.000000 -0.551733 1.129592 1.129592 1.129592
1592.809814 0.000000 1885.521729 0.000000 0.890238 0.000000 0.455497 0.900909 0.900909 0.900909
1581.955933 0.000000 1884.580444 0.000000 0.721265 0.000000 0.692659 0.854387 0.854387 0.854387
1579.753540 0.000000 1876.478027 0.000000 0.927477 0.000000 -0.373880 1.094728 1.094728 1.094728
1573.411987 0.000000 1887.086060 0.000000 0.163088 0.000000 -0.986611 1.273471 1.273471 1.273471
1581.208862 0.000000 1881.839111 0.000000 0.514475 0.000000 -0.857506 1.147528 1.147528 1.147528
1591.825195 0.000000 1882.469360 0.000000 0.980071 0.000000 -0.198646 1.035543 1.035543 1.035543
1588.063477 0.000000 1882.938232 0.000000 0.668101 0.000000 0.744071 0.839345 0.839345 0.839345
1575.050903 0.000000 1878.527710 0.000000 0.691612 0.000000 0.722269 0.789432 0.789432 0.789432
1576.969360 0.000000 1882.646362 0.000000 0.780050 0.000000 -0.625717 1.229944 1.229944 1.229944
1574.721191 0.000000 1884.323364 0.000000 0.315142 0.000000 -0.949045 1.242342 1.242342 1.242342
1575.672485 0.000000 1885.567627 0.000000 0.631245 0.000000 0.775583 0.817878 0.817878 0.817878
1579.804077 0.000000 1882.059326 0.000000 0.987655 0.000000 -0.156642 1.055986 1.055986 1.055986
1584.987793 0.000000 1876.048462 0.000000 0.506462 0.000000 0.862262 0.769182 0.769182 0.769182
1579.086914 0.000000 1883.740723 0.000000 0.858361 0.000000 -0.513047 1.151815 1.151815 1.151815
1585.462769 0.000000 1877.442383 0.000000 0.664708 0.000000 -0.747103 1.200087 1.200087 1.200087
1574.776001 0.000000 1886.919678 0.000000 0.689271 0.000000 -0.724504 1.161770 1.161770 1.161770
1575.049927 0.000000 1880.547974 0.000000 0.783110 0.000000 -0.621884 1.279099 1.279099 1.279099
1577.747437 0.000000 1883.794189 0.000000 0.522956 0.000000 0.852360 0.735570 0.735570 0.735570
1578.375244 0.000000 1876.848022 0.000000 0.175027 0.000000 -0.984564 1.326189 1.326189 1.326189
1575.382812 0.000000 1882.850586 0.000000 0.975580 0.000000 -0.219643 1.097472 1.097472 1.097472
1576.098755 0.000000 1876.541870 0.000000 0.127859 0.000000 -0.991792 1.384151 1.384151 1.384151
1574.864502 0.000000 1881.818481 0.000000 0.897214 0.000000 0.441597 0.896839 0.896839 0.896839
1564.132690 0.000000 1913.716187 0.000000 0.865154 0.000000 0.501506 0.872599 0.872599 0.872599
1564.556152 0.000000 1904.632690 0.000000 0.200428 0.000000 -0.979708 1.090291 1.090291 1.090291
1560.423462 0.000000 1908.840942 0.000000 0.820186 0.000000 0.572097 0.897901 0.897901 0.897901
1562.383911 0.000000 1917.898315 0.000000 0.888404 0.000000 -0.459062 1.215927 1.215927 1.215927
1565.975220 0.000000 1909.448730 0.000000 0.959540 0.000000 0.281574 0.926007 0.926007 0.926007
1559.388916 0.000000 1913.043823 0.000000 0.774126 0.000000 0.633032 0.882754 0.882754 0.882754
1563.026489 0.000000 1910.671265 0.000000 0.630563 0.000000 0.776138 0.869105 0.869105 0.869105
1566.632935 0.000000 1896.901733 0.000000 0.507952 0.000000 -0.861386 1.026540 1.026540 1.026540
1566.595703 0.000000 1902.430786 0.000000 0.109195 0.000000 -0.994020 1.193022 1.193022 1.193022
1560.233765 0.000000 1915.896362 0.000000 0.815873 0.000000 -0.578232 1.194847 1.194847 1.194847
1566.754517 0.000000 1906.724976 0.000000 0.098389 0.000000 0.995148 0.540019 0.540019 0.540019
1566.859253 0.000000 1912.329346 0.000000 0.145423 0.000000 -0.989370 1.287133 1.287133 1.287133
1566.887817 0.000000 1915.415039 0.000000 0.508038 0.000000 -0.861335 1.007999 1.007999 1.007999
1564.355225 0.000000 1916.214233 0.000000 0.992529 0.000000 -0.122011 0.983891 0.983891 0.983891
1561.646606 0.000000 1913.849121 0.000000 0.676614 0.000000 -0.736338 1.161873 1.161873 1.161873
1560.862915 0.000000 1911.151611 0.000000 0.882415 0.000000 0.470472 0.900328 0.900328 0.900328
1564.845459 0.000000 1911.726074 0.000000 0.831028 0.000000 -0.556231 1.158974 1.158974 1.158974
1566.750610 0.000000 1904.572754 0.000000 0.210927 0.000000 -0.977502 1.602380 1.602380 1.602380
1561.051758 0.000000 1919.392090 0.000000 0.744884 0.000000 -0.667194 1.187042 1.187042 1.187042
1562.357544 0.000000 1915.778198 0.000000 0.862251 0.000000 -0.506482 1.321971 1.321971 1.321971
1564.886841 0.000000 1906.547607 0.000000 0.564741 0.000000 -0.825268 1.060477 1.060477 1.060477
1564.130615 0.000000 1909.135742 0.000000 0.611313 0.000000 -0.791389 1.078620 1.078620 1.078620
1567.781982 0.000000 1910.249023 0.000000 0.894103 0.000000 0.447862 0.898300 0.898300 0.898300
1562.819214 0.000000 1912.444092 0.000000 0.999113 0.000000 -0.042104 1.011522 1.011522 1.011522
1565.926147 0.000000 1913.825928 0.000000 0.875395 0.000000 0.483409 0.879831 0.879831 0.879831
1560.813721 0.000000 1917.513916 0.000000 0.519652 0.000000 -0.854378 1.158208 1.158208 1.158208
1567.284912 0.000000 1908.182617 0.000000 0.383690 0.000000 -0.923462 1.303172 1.303172 1.303172
1566.213623 0.000000 1910.939697 0.000000 0.391817 0.000000 0.920043 0.701367 0.701367 0.701367
1564.968140 0.000000 1914.914429 0.000000 0.823669 0.000000 -0.567071 1.208641 1.208641 1.208641
1560.751099 0.000000 1912.635132 0.000000 0.491848 0.000000 0.870681 0.782636 0.782636 0.782636
1563.563965 0.000000 1915.047119 0.000000 0.999842 0.000000 0.017754 1.081637 1.081637 1.081637
1564.897583 0.000000 1910.318481 0.000000 0.289337 0.000000 0.957227 0.700443 0.700443 0.700443
1563.612427 0.000000 1917.352539 0.000000 0.880092 0.000000 0.474803 0.883872 0.883872 0.883872
1561.245239 0.000000 1915.075562 0.000000 0.882931 0.000000 0.469504 0.891949 0.891949 0.891949
1565.704956 0.000000 1912.618164 0.000000 0.633274 0.000000 -0.773928 1.363074 1.363074 1.363074
1567.421509 0.000000 1905.664673 0.000000 0.963153 0.000000 -0.268953 1.178142 1.178142 1.178142
1562.657715 0.000000 1916.847778 0.000000 0.706032 0.000000 -0.708180 1.321857 1.321857 1.321857
1564.001465 0.000000 1912.650269 0.000000 0.350896 0.000000 -0.936414 1.476880 1.476880 1.476880
1562.270508 0.000000 1914.762207 0.000000 0.134627 0.000000 0.990896 0.460718 0.460718 0.460718
1568.559814 0.000000 1895.467285 0.000000 0.391585 0.000000 0.920142 0.729278 0.729278 0.729278
1579.295410 0.000000 1903.255005 0.000000 0.579974 0.000000 0.814635 0.833461 0.833461 0.833461
1568.316284 0.000000 1908.468262 0.000000 0.882613 0.000000 -0.470100 1.002932 1.002932 1.002932
1595.366333 0.000000 1887.856445 0.000000 0.992926 0.000000 0.118732 0.967070 0.967070 0.967070
1579.160889 0.000000 1888.629395 0.000000 0.995562 0.000000 0.094105 0.909619 0.909619 0.909619
1570.323975 0.000000 1919.372803 0.000000 0.832790 0.000000 0.553589 0.882396 0.882396 0.882396
1572.022461 0.000000 1901.949707 0.000000 0.990284 0.000000 0.139060 0.963221 0.963221 0.963221
1576.361694 0.000000 1909.837891 0.000000 0.193430 0.000000 -0.981114 1.257535 1.257535 1.257535
1597.660400 0.000000 1893.976929 0.000000 0.050230 0.000000 -0.998738 1.248614 1.248614 1.248614
1573.027710 0.000000 1890.846558 0.000000 0.741569 0.000000 -0.670876 1.341804 1.341804 1.341804
1572.095703 0.000000 1913.830811 0.000000 0.592500 0.000000 0.805570 0.861896 0.861896 0.861896
1597.117798 0.000000 1899.534790 0.000000 0.997050 0.000000 0.076756 0.937820 0.937820 0.937820
1592.133179 0.000000 1893.168213 0.000000 0.684380 0.000000 0.729125 0.885853 0.885853 0.885853
1590.028198 0.000000 1887.545288 0.000000 0.392763 0.000000 -0.919640 1.049311 1.049311 1.049311
1572.687012 0.000000 1906.867554 0.000000 0.987297 0.000000 0.158883 0.913770 0.913770 0.913770
1567.894165 0.000000 1915.322998 0.000000 0.040010 0.000000 -0.999199 1.042525 1.042525 1.042525
1583.817017 0.000000 1887.727905 0.000000 0.541328 0.000000 0.840812 0.881002 0.881002 0.881002
1567.939087 0.000000 1904.059448 0.000000 0.362819 0.000000 0.931860 0.603173 0.603173 0.603173
1572.622925 0.000000 1897.605225 0.000000 0.257523 0.000000 0.966272 0.818967 0.818967 0.818967
1576.117065 0.000000 1900.252808 0.000000 0.505954 0.000000 -0.862560 0.964241 0.964241 0.964241
1580.006226 0.000000 1898.225708 0.000000 0.676681 0.000000 0.736276 0.866139 0.866139 0.866139
1568.272461 0.000000 1899.740845 0.000000 0.256688 0.000000 -0.966494 1.521580 1.521580 1.521580
1574.159790 0.000000 1917.620972 0.000000 0.990425 0.000000 -0.138049 0.958637 0.958637 0.958637
1575.924072 0.000000 1913.644043 0.000000 0.547307 0.000000 0.836932 0.812111 0.812111 0.812111
1576.501831 0.000000 1905.968872 0.000000 0.987823 0.000000 0.155579 0.966850 0.966850 0.966850
1575.387817 0.000000 1887.737061 0.000000 0.432694 0.000000 0.901541 0.767320 0.767320 0.767320
1594.741821 0.000000 1896.023560 0.000000 0.643406 0.000000 0.765525 0.883326 0.883326 0.883326
1597.970093 0.000000 1890.321655 0.000000 0.428780 0.000000 -0.903409 1.085720 1.085720 1.085720
1571.754028 0.000000 1894.068115 0.000000 0.960097 0.000000 0.279668 0.934954 0.934954 0.934954
1568.625244 0.000000 1911.925903 0.000000 0.829183 0.000000 -0.558978 0.966417 0.966417 0.966417
1594.802612 0.000000 1891.265259 0.000000 0.911978 0.000000 0.410240 0.905529 0.905529 0.905529
1568.817871 0.000000 1892.406738 0.000000 0.831976 0.000000 0.554811 0.891436 0.891436 0.891436
1575.094482 0.000000 1903.201172 0.000000 0.343431 0.000000 0.939178 0.863830 0.863830 0.863830
1598.629028 0.000000 1896.901733 0.000000 0.795296 0.000000 -0.606221 1.056688 1.056688 1.056688
1581.405518 0.000000 1900.932251 0.000000 0.677877 0.000000 -0.735175 0.952249 0.952249 0.952249
1590.225586 0.000000 1890.643188 0.000000 0.578852 0.000000 -0.815432 1.005575 1.005575 1.005575
1570.753662 0.000000 1888.603271 0.000000 0.536198 0.000000 -0.844092 1.189730 1.189730 1.189730
1574.673462 0.000000 1893.438965 0.000000 0.956709 0.000000 0.291047 0.911810 0.911810 0.911810
1592.863403 0.000000 1889.173218 0.000000 0.664909 0.000000 -0.746924 1.059771 1.059771 1.059771
1570.760010 0.000000 1916.549316 0.000000 0.866747 0.000000 0.498748 0.896177 0.896177 0.896177
1570.691406 0.000000 1904.723511 0.000000 0.306428 0.000000 -0.951894 1.083430 1.083430 1.083430
1579.163696 0.000000 1909.927979 0.000000 0.415001 0.000000 -0.909821 0.976229 0.976229 0.976229
1574.075073 0.000000 1911.594360 0.000000 0.632697 0.000000 -0.774399 1.092420 1.092420 1.092420
1579.130127 0.000000 1906.899292 0.000000 0.998258 0.000000 -0.058991 0.944710 0.944710 0.944710
1570.828247 0.000000 1899.677124 0.000000 0.999994 0.000000 -0.003556 0.984149 0.984149 0.984149
1598.082153 0.000000 1887.725586 0.000000 0.622954 0.000000 0.782259 0.866273 0.866273 0.866273
1578.827881 0.000000 1900.707642 0.000000 0.952856 0.000000 -0.303422 0.985945 0.985945 0.985945
1569.479004 0.000000 1902.071167 0.000000 0.995506 0.000000 0.094702 0.988095 0.988095 0.988095
1573.684692 0.000000 1900.203369 0.000000 0.529078 0.000000 0.848573 0.799189 0.799189 0.799189
1575.396729 0.000000 1890.213257 0.000000 0.301145 0.000000 -0.953578 1.075334 1.075334 1.075334
1577.862427 0.000000 1912.089111 0.000000 0.204429 0.000000 0.978881 0.846038 0.846038 0.846038
1574.951294 0.000000 1907.837524 0.000000 0.079519 0.000000 -0.996833 1.083216 1.083216 1.083216
1570.323975 0.000000 1897.239624 0.000000 0.498930 0.000000 0.866642 0.815050 0.815050 0.815050
1570.296143 0.000000 1907.147461 0.000000 0.618382 0.000000 -0.785878 1.077479 1.077479 1.077479
1574.080078 0.000000 1915.044434 0.000000 0.931749 0.000000 0.363104 0.917185 0.917185 0.917185
1573.059204 0.000000 1888.179321 0.000000 0.320195 0.000000 0.947352 0.588139 0.588139 0.588139
1573.713989 0.000000 1895.502319 0.000000 0.739784 0.000000 -0.672845 1.121645 1.121645 1.121645
1577.213623 0.000000 1902.407959 0.000000 0.226344 0.000000 0.974047 0.786877 0.786877 0.786877
1570.856079 0.000000 1891.521484 0.000000 0.858889 0.000000 -0.512161 1.132753 1.132753 1.132753
1572.120850 0.000000 1918.199341 0.000000 0.032640 0.000000 -0.999467 1.158214 1.158214 1.158214
1596.783936 0.000000 1895.899536 0.000000 0.937614 0.000000 0.347677 0.923187 0.923187 0.923187
1567.994263 0.000000 1897.474976 0.000000 0.781631 0.000000 0.623741 0.885787 0.885787 0.885787
1577.293701 0.000000 1907.994751 0.000000 0.152695 0.000000 -0.988273 1.326253 1.326253 1.326253
1568.289551 0.000000 1906.302856 0.000000 0.193487 0.000000 -0.981103 1.377425 1.377425 1.377425
1569.620972 0.000000 1909.991089 0.000000 0.591362 0.000000 0.806406 0.853692 0.853692 0.853692
1596.876343 0.000000 1892.104614 0.000000 0.575594 0.000000 -0.817736 1.150450 1.150450 1.150450
1596.138306 0.000000 1889.652954 0.000000 0.999200 0.000000 0.039992 0.964772 0.964772 0.964772
1592.646606 0.000000 1891.268799 0.000000 0.698373 0.000000 0.715734 0.850991 0.850991 0.850991
1578.272095 0.000000 1904.958130 0.000000 0.915018 0.000000 0.403413 0.909809 0.909809 0.909809
1572.657959 0.000000 1916.295288 0.000000 0.855268 0.000000 -0.518186 1.164217 1.164217 1.164217
1569.870117 0.000000 1894.072266 0.000000 0.589435 0.000000 0.807816 0.784631 0.784631 0.784631
1571.777222 0.000000 1895.897583 0.000000 0.997013 0.000000 -0.077232 0.999773 0.999773 0.999773
1576.054443 0.000000 1911.603516 0.000000 0.999805 0.000000 -0.019753 0.961188 0.961188 0.961188
1576.629883 0.000000 1904.153931 0.000000 0.700231 0.000000 -0.713916 1.168720 1.168720 1.168720
1573.070801 0.000000 1892.621582 0.000000 0.468716 0.000000 0.883349 0.746283 0.746283 0.746283
1573.862305 0.000000 1901.939453 0.000000 0.257577 0.000000 0.966258 0.743434 0.743434 0.743434
1598.735229 0.000000 1898.872559 0.000000 0.999996 0.000000 0.002803 0.972519 0.972519 0.972519
1579.971924 0.000000 1905.339966 0.000000 0.844745 0.000000 -0.535169 1.042139 1.042139 1.042139
1597.080688 0.000000 1897.674927 0.000000 0.771015 0.000000 -0.636816 1.122050 1.122050 1.122050
1567.906006 0.000000 1913.489502 0.000000 0.088697 0.000000 0.996059 0.694154 0.694154 0.694154
1571.570312 0.000000 1890.066772 0.000000 0.553253 0.000000 -0.833014 1.236227 1.236227 1.236227
1570.772705 0.000000 1903.029907 0.000000 0.444644 0.000000 -0.895707 1.231332 1.231332 1.231332
1569.453613 0.000000 1898.658813 0.000000 0.172182 0.000000 0.985065 0.563091 0.563091 0.563091
1574.373291 0.000000 1888.989014 0.000000 0.787234 0.000000 -0.616655 1.123071 1.123071 1.123071
1569.141235 0.000000 1905.061279 0.000000 0.353750 0.000000 -0.935340 1.380619 1.380619 1.380619
1570.646484 0.000000 1901.145996 0.000000 0.751675 0.000000 0.659534 0.838098 0.838098 0.838098
1570.362183 0.000000 1895.490479 0.000000 0.840132 0.000000 -0.542382 1.088885 1.088885 1.088885
1569.359375 0.000000 1903.615601 0.000000 0.973872 0.000000 0.227096 0.956256 0.956256 0.956256
1570.830933 0.000000 1892.958984 0.000000 0.655523 0.000000 -0.755175 1.160561 1.160561 1.160561
1573.297974 0.000000 1894.033447 0.000000 0.642938 0.000000 0.765918 0.827961 0.827961 0.827961
1577.783813 0.000000 1906.467285 0.000000 0.386802 0.000000 -0.922163 1.271137 1.271137 1.271137
1569.510132 0.000000 1900.315186 0.000000 0.958704 0.000000 0.284407 0.951222 0.951222 0.951222
1573.162231 0.000000 1889.500244 0.000000 0.943353 0.000000 0.331789 0.939518 0.939518 0.939518
1576.142090 0.000000 1907.229370 0.000000 0.978424 0.000000 0.206608 0.958848 0.958848 0.958848
1569.086914 0.000000 1896.668091 0.000000 0.092375 0.000000 -0.995724 1.541280 1.541280 1.541280
1569.088013 0.000000 1907.396484 0.000000 0.071508 0.000000 -0.997440 1.409410 1.409410 1.409410
1572.122070 0.000000 1889.051270 0.000000 0.349872 0.000000 -0.936797 1.540830 1.540830 1.540830
1567.872437 0.000000 1907.387817 0.000000 0.999541 0.000000 -0.030287 1.067097 1.067097 1.067097
1567.981934 0.000000 1905.292358 0.000000 0.920462 0.000000 0.390832 0.914903 0.914903 0.914903
1602.320068 0.000000 1887.380615 0.000000 0.945820 0.000000 0.324692 0.906687 0.906687 0.906687
1599.890259 0.000000 1883.330811 0.000000 0.937110 0.000000 0.349035 0.911552 0.911552 0.911552
1602.756104 0.000000 1884.557129 0.000000 0.714722 0.000000 -0.699408 0.959247 0.959247 0.959247
1600.000488 0.000000 1886.009399 0.000000 0.206302 0.000000 -0.978488 1.066862 1.066862 1.066862
1601.986938 0.000000 1882.512695 0.000000 0.836342 0.000000 0.548208 0.891650 0.891650 0.891650
1601.631226 0.000000 1885.785034 0.000000 0.995320 0.000000 0.096638 0.958365 0.958365 0.958365
1600.555908 0.000000 1895.467285 0.000000 0.758628 0.000000 0.651524 0.889797 0.889797 0.889797
1605.023804 0.000000 1890.846558 0.000000 0.974121 0.000000 0.226026 0.914288 0.914288 0.914288
1599.912476 0.000000 1889.463623 0.000000 0.250428 0.000000 -0.968135 1.112012 1.112012 1.112012
1604.619019 0.000000 1897.605225 0.000000 0.263285 0.000000 -0.964718 0.949839 0.949839 0.949839
1600.268555 0.000000 1899.740845 0.000000 0.874542 0.000000 0.484950 0.899965 0.899965 0.899965
1603.750122 0.000000 1894.068115 0.000000 0.819899 0.000000 0.572508 0.880305 0.880305 0.880305
1600.813965 0.000000 1892.406738 0.000000 0.996226 0.000000 -0.086792 0.931685 0.931685 0.931685
1602.749756 0.000000 1888.603271 0.000000 0.844162 0.000000 0.536089 0.893319 0.893319 0.893319
1602.320068 0.000000 1897.239624 0.000000 0.999967 0.000000 0.008108 0.939353 0.939353 0.939353
1605.710083 0.000000 1895.502319 0.000000 0.656604 0.000000 0.754235 0.871821 0.871821 0.871821
1602.852173 0.000000 1891.521484 0.000000 0.890739 0.000000 0.454516 0.901502 0.901502 0.901502
1599.990356 0.000000 1897.474976 0.000000 0.278003 0.000000 -0.960580 1.144457 1.144457 1.144457
1603.773315 0.000000 1895.897583 0.000000 0.983565 0.000000 0.180557 0.947003 0.947003 0.947003
1603.566406 0.000000 1890.066772 0.000000 0.987582 0.000000 0.157104 0.953754 0.953754 0.953754
1563.370239 0.000000 1919.848633 0.000000 0.791499 0.000000 0.611171 0.850592 0.850592 0.850592
1565.664307 0.000000 1925.969116 0.000000 0.820765 0.000000 0.571266 0.885678 0.885678 0.885678
1560.137085 0.000000 1925.160400 0.000000 0.882565 0.000000 -0.470191 1.041756 1.041756 1.041756
1558.032104 0.000000 1919.537476 0.000000 0.932744 0.000000 0.360540 0.906521 0.906521 0.906521
1562.806519 0.000000 1923.257446 0.000000 0.804418 0.000000 -0.594064 1.004465 1.004465 1.004465
1566.632935 0.000000 1928.893921 0.000000 0.606396 0.000000 0.795163 0.857897 0.857897 0.857897
1560.867310 0.000000 1921.165405 0.000000 0.286516 0.000000 0.958076 0.677549 0.677549 0.677549
1563.445801 0.000000 1925.446289 0.000000 0.902826 0.000000 0.430005 0.905986 0.905986 0.905986
1566.956665 0.000000 1924.253662 0.000000 0.595427 0.000000 -0.803410 1.066948 1.066948 1.066948
1560.885864 0.000000 1927.208374 0.000000 0.562912 0.000000 0.826517 0.846241 0.846241 0.846241
1564.880249 0.000000 1924.096802 0.000000 0.997390 0.000000 0.072199 0.951167 0.951167 0.951167
1560.650513 0.000000 1923.260986 0.000000 0.168555 0.000000 0.985692 0.759402 0.759402 0.759402
1567.687134 0.000000 1925.904541 0.000000 0.996614 0.000000 0.082220 0.948004 0.948004 0.948004
1561.811523 0.000000 1924.648438 0.000000 0.877621 0.000000 -0.479355 1.043270 1.043270 1.043270
1566.600220 0.000000 1927.287598 0.000000 0.188256 0.000000 -0.982120 1.180978 1.180978 1.180978
1562.476562 0.000000 1921.170898 0.000000 0.237909 0.000000 0.971288 0.774852 0.774852 0.774852
1561.577148 0.000000 1919.802856 0.000000 0.955599 0.000000 0.294670 0.939990 0.939990 0.939990
1568.559814 0.000000 1927.459473 0.000000 0.509839 0.000000 -0.860270 1.305586 1.305586 1.305586
1573.027710 0.000000 1922.838745 0.000000 0.986088 0.000000 -0.166224 0.935949 0.935949 0.935949
1572.622925 0.000000 1929.597412 0.000000 0.716232 0.000000 -0.697862 0.935270 0.935270 0.935270
1568.272461 0.000000 1931.733032 0.000000 0.910087 0.000000 -0.414417 0.930158 0.930158 0.930158
1571.754028 0.000000 1926.060303 0.000000 0.669959 0.000000 0.742398 0.849947 0.849947 0.849947
1568.817871 0.000000 1924.398926 0.000000 0.018064 0.000000 0.999837 0.651810 0.651810 0.651810
1570.753662 0.000000 1920.595459 0.000000 0.977058 0.000000 -0.212971 1.072172 1.072172 1.072172
1570.323975 0.000000 1929.231812 0.000000 0.310827 0.000000 -0.950467 1.126515 1.126515 1.126515
1573.059204 0.000000 1920.171509 0.000000 0.879327 0.000000 -0.476218 0.994001 0.994001 0.994001
1570.856079 0.000000 1923.513672 0.000000 0.959004 0.000000 0.283393 0.941697 0.941697 0.941697
1567.994263 0.000000 1929.467163 0.000000 0.992979 0.000000 0.118292 0.937608 0.937608 0.937608
1569.870117 0.000000 1926.064453 0.000000 0.970177 0.000000 -0.242399 1.091099 1.091099 1.091099
1571.777222 0.000000 1927.889771 0.000000 0.666660 0.000000 -0.745362 1.089510 1.089510 1.089510
1569.371704 0.000000 1922.476685 0.000000 0.988049 0.000000 0.154143 0.960359 0.960359 0.960359
1571.570312 0.000000 1922.058960 0.000000 0.371825 0.000000 -0.928303 1.283767 1.283767 1.283767
1568.337280 0.000000 1925.873657 0.000000 0.207547 0.000000 -0.978225 1.318608 1.318608 1.318608
4734.472656 0.000000 280.727783 0.000000 0.751301 0.000000 -0.659959 1.272615 1.272615 1.272615
4734.501465 0.000000 283.813416 0.000000 0.588506 0.000000 0.808493 0.795936 0.795936 0.795936
4733.559570 0.000000 284.933105 0.000000 0.733520 0.000000 -0.679668 1.217412 1.217412 1.217412
4735.110352 0.000000 285.068695 0.000000 0.419536 0.000000 0.907739 0.692769 0.692769 0.692769
4732.573730 0.000000 285.800446 0.000000 0.599096 0.000000 -0.800677 1.264971 1.264971 1.264971
4740.300781 0.000000 275.265991 0.000000 0.952123 0.000000 0.305715 0.925786 0.925786 0.925786
4735.507812 0.000000 283.721436 0.000000 0.594954 0.000000 0.803760 0.797700 0.797700 0.797700
4743.730957 0.000000 268.651276 0.000000 0.055356 0.000000 -0.998467 1.284432 1.284432 1.284432
4747.619629 0.000000 266.624115 0.000000 0.938231 0.000000 -0.346009 1.251045 1.251045 1.251045
4752.721680 0.000000 274.995483 0.000000 0.468912 0.000000 -0.883245 1.128004 1.128004 1.128004
4736.238770 0.000000 280.324310 0.000000 0.009854 0.000000 -0.999951 1.266345 1.266345 1.266345
4749.434082 0.000000 273.521912 0.000000 0.937181 0.000000 -0.348844 1.016096 1.016096 1.016096
4749.019043 0.000000 269.330719 0.000000 0.498675 0.000000 0.866789 0.859089 0.859089 0.859089
4746.743652 0.000000 275.297668 0.000000 0.460515 0.000000 -0.887652 1.223438 1.223438 1.223438
4746.441406 0.000000 269.106049 0.000000 0.128371 0.000000 0.991726 0.471597 0.471597 0.471597
4742.777832 0.000000 266.391846 0.000000 0.696564 0.000000 -0.717494 1.308527 1.308527 1.308527
4745.241699 0.000000 266.807526 0.000000 0.124094 0.000000 -0.992271 1.141657 1.141657 1.141657
4740.593750 0.000000 272.743469 0.000000 0.208800 0.000000 0.977958 0.818394 0.818394 0.818394
4753.399902 0.000000 272.853973 0.000000 0.991923 0.000000 -0.126844 1.008735 1.008735 1.008735
4749.796387 0.000000 267.239563 0.000000 0.958867 0.000000 0.283856 0.980127 0.980127 0.980127
4742.062988 0.000000 274.190765 0.000000 0.361259 0.000000 0.932465 0.725716 0.725716 0.725716
4756.637695 0.000000 270.515839 0.000000 0.948596 0.000000 -0.316490 1.169435 1.169435 1.169435
4750.737305 0.000000 275.525299 0.000000 0.146718 0.000000 0.989178 0.776137 0.776137 0.776137
4751.350098 0.000000 273.045654 0.000000 0.961173 0.000000 -0.275945 1.024597 1.024597 1.024597
4747.585449 0.000000 273.738403 0.000000 0.959614 0.000000 -0.281321 1.212197 1.212197 1.212197
4748.381836 0.000000 265.030670 0.000000 0.941503 0.000000 -0.337003 1.077187 1.077187 1.077187
4735.519531 0.000000 281.887970 0.000000 0.281869 0.000000 0.959453 0.635091 0.635091 0.635091
4747.904297 0.000000 268.172699 0.000000 0.948813 0.000000 0.315838 0.948086 0.948086 0.948086
4747.367188 0.000000 276.868713 0.000000 0.732777 0.000000 -0.680469 1.669767 1.669767 1.669767
4745.186523 0.000000 268.288269 0.000000 0.473759 0.000000 -0.880654 1.416654 1.416654 1.416654
4758.787598 0.000000 270.592957 0.000000 0.695475 0.000000 -0.718550 1.113382 1.113382 1.113382
4737.068848 0.000000 281.520355 0.000000 0.626577 0.000000 -0.779360 1.146448 1.146448 1.146448
4746.459961 0.000000 267.655182 0.000000 0.782643 0.000000 -0.622471 1.393606 1.393606 1.393606
4743.921875 0.000000 267.202484 0.000000 0.953050 0.000000 0.302813 0.946535 0.946535 0.946535
4742.607422 0.000000 267.859680 0.000000 0.699127 0.000000 0.714997 0.786760 0.786760 0.786760
4749.554688 0.000000 265.884735 0.000000 0.416614 0.000000 -0.909084 1.250778 1.250778 1.250778
4743.755859 0.000000 275.627838 0.000000 0.295377 0.000000 -0.955381 1.312006 1.312006 1.312006
4735.793457 0.000000 285.002441 0.000000 0.016669 0.000000 0.999861 0.566603 0.566603 0.566603
4744.952148 0.000000 269.527863 0.000000 0.150147 0.000000 -0.988664 1.532782 1.532782 1.532782
4757.078613 0.000000 271.721863 0.000000 0.078159 0.000000 0.996941 0.532894 0.532894 0.532894
4746.398926 0.000000 266.389526 0.000000 0.939125 0.000000 -0.343575 1.249884 1.249884 1.249884
4748.632324 0.000000 267.223877 0.000000 0.999674 0.000000 -0.025549 1.219520 1.219520 1.219520
4746.890625 0.000000 272.827576 0.000000 0.972681 0.000000 -0.232146 1.190077 1.190077 1.190077
4757.694336 0.000000 270.227386 0.000000 0.481043 0.000000 0.876697 0.681491 0.681491 0.681491
4747.512695 0.000000 269.212067 0.000000 0.050176 0.000000 -0.998740 1.731203 1.731203 1.731203
4748.554688 0.000000 266.111145 0.000000 0.210051 0.000000 -0.977690 2.238329 2.238329 2.238329
4747.594238 0.000000 277.793030 0.000000 0.567625 0.000000 0.823287 0.522791 0.522791 0.522791
4746.744629 0.000000 276.242065 0.000000 0.997029 0.000000 -0.077031 1.220963 1.220963 1.220963
4749.233398 0.000000 266.632538 0.000000 0.952827 0.000000 -0.303514 1.435584 1.435584 1.435584
4746.760254 0.000000 277.518738 0.000000 0.681799 0.000000 0.731539 0.620804 0.620804 0.620804
4794.412598 0.000000 259.663696 0.000000 0.712506 0.000000 0.701666 0.845236 0.845236 0.845236
4795.051758 0.000000 261.852570 0.000000 0.511147 0.000000 0.859493 0.608373 0.608373 0.608373
4795.748047 0.000000 258.051422 0.000000 0.737494 0.000000 0.675354 0.851854 0.851854 0.851854
4788.977051 0.000000 268.502777 0.000000 0.797266 0.000000 0.603628 0.738449 0.738449 0.738449
4795.270020 0.000000 260.649994 0.000000 0.608362 0.000000 0.793659 0.664748 0.664748 0.664748
4788.455566 0.000000 269.447784 0.000000 0.516313 0.000000 -0.856400 1.847139 1.847139 1.847139
4794.027344 0.000000 261.896851 0.000000 0.172888 0.000000 0.984941 0.434292 0.434292 0.434292
4794.366699 0.000000 260.969696 0.000000 0.826461 0.000000 0.562993 0.817734 0.817734 0.817734
4789.375000 0.000000 269.347168 0.000000 0.468862 0.000000 0.883272 0.450908 0.450908 0.450908
4789.944336 0.000000 268.442535 0.000000 0.952870 0.000000 0.303379 0.963194 0.963194 0.963194
4745.905273 0.000000 317.452820 0.000000 0.214720 0.000000 -0.976676 1.200573 1.200573 1.200573
4739.636230 0.000000 302.340302 0.000000 0.349033 0.000000 -0.937111 1.280318 1.280318 1.280318
4740.641113 0.000000 291.237183 0.000000 0.034613 0.000000 0.999401 0.755657 0.755657 0.755657
4742.287109 0.000000 293.829559 0.000000 0.980414 0.000000 0.196946 0.939778 0.939778 0.939778
4737.092773 0.000000 302.461761 0.000000 0.902402 0.000000 -0.430894 0.989190 0.989190 0.989190
4743.010254 0.000000 290.603912 0.000000 0.804104 0.000000 -0.594489 1.413474 1.413474 1.413474
4744.026367 0.000000 319.191284 0.000000 0.985115 0.000000 0.171895 1.033244 1.033244 1.033244
4742.118164 0.000000 292.030853 0.000000 0.938245 0.000000 -0.345971 1.015675 1.015675 1.015675
4743.873535 0.000000 293.570251 0.000000 0.761884 0.000000 0.647713 0.870098 0.870098 0.870098
4738.386230 0.000000 303.420563 0.000000 0.982973 0.000000 -0.183752 1.047650 1.047650 1.047650
4745.376465 0.000000 318.792542 0.000000 0.970412 0.000000 -0.241457 1.259492 1.259492 1.259492
4743.463379 0.000000 291.935760 0.000000 0.999194 0.000000 -0.040139 1.125281 1.125281 1.125281
4788.435059 0.000000 308.249054 0.000000 0.729163 0.000000 0.684340 0.796468 0.796468 0.796468
4790.397949 0.000000 308.016693 0.000000 0.301657 0.000000 0.953417 0.701221 0.701221 0.701221
4789.460938 0.000000 309.553833 0.000000 0.997667 0.000000 -0.068275 1.074909 1.074909 1.074909
4827.734863 0.000000 282.114563 0.000000 0.997363 0.000000 -0.072578 0.979784 0.979784 0.979784
4810.901367 0.000000 271.653442 0.000000 0.813372 0.000000 0.581744 0.898623 0.898623 0.898623
4803.628418 0.000000 270.348114 0.000000 0.300693 0.000000 0.953721 0.535325 0.535325 0.535325
4820.780762 0.000000 285.270660 0.000000 0.998916 0.000000 -0.046547 1.039953 1.039953 1.039953
4829.800293 0.000000 286.388275 0.000000 0.676539 0.000000 0.736406 0.882199 0.882199 0.882199
4823.835449 0.000000 284.294830 0.000000 0.992769 0.000000 -0.120039 1.061904 1.061904 1.061904
4802.297363 0.000000 273.122009 0.000000 0.811651 0.000000 0.584143 0.889160 0.889160 0.889160
4802.434082 0.000000 268.075531 0.000000 0.987787 0.000000 -0.155809 1.025180 1.025180 1.025180
4822.979492 0.000000 286.697327 0.000000 0.524258 0.000000 -0.851559 0.999393 0.999393 0.999393
4806.557129 0.000000 276.235962 0.000000 0.476426 0.000000 -0.879215 1.215604 1.215604 1.215604
4804.585938 0.000000 272.743469 0.000000 0.671002 0.000000 -0.741456 1.608759 1.608759 1.608759
4805.219238 0.000000 277.996002 0.000000 0.313867 0.000000 -0.949467 1.580988 1.580988 1.580988
4809.877930 0.000000 273.356628 0.000000 0.225578 0.000000 0.974225 0.570712 0.570712 0.570712
4808.235840 0.000000 272.552338 0.000000 0.179122 0.000000 0.983827 0.553348 0.553348 0.553348
4805.468262 0.000000 270.337952 0.000000 0.915095 0.000000 0.403239 0.909502 0.909502 0.909502
4811.577637 0.000000 273.738403 0.000000 0.798002 0.000000 -0.602655 1.218370 1.218370 1.218370
4822.098633 0.000000 284.101440 0.000000 0.644089 0.000000 -0.764951 1.271937 1.271937 1.271937
4802.378418 0.000000 271.428375 0.000000 0.674431 0.000000 0.738338 0.725705 0.725705 0.725705
4802.252441 0.000000 269.544434 0.000000 0.872581 0.000000 -0.488470 1.095444 1.095444 1.095444
4803.461914 0.000000 274.020355 0.000000 0.941249 0.000000 0.337712 0.926898 0.926898 0.926898
4804.698242 0.000000 276.643494 0.000000 0.990079 0.000000 -0.140511 1.133301 1.133301 1.133301
4824.353027 0.000000 281.033508 0.000000 0.935085 0.000000 0.354422 0.922184 0.922184 0.922184
4822.838379 0.000000 285.327393 0.000000 0.110705 0.000000 -0.993853 1.436716 1.436716 1.436716
4809.605957 0.000000 272.031036 0.000000 0.583811 0.000000 -0.811889 1.409100 1.409100 1.409100
4824.847168 0.000000 283.473969 0.000000 0.744317 0.000000 -0.667827 1.209945 1.209945 1.209945
4805.555176 0.000000 275.444519 0.000000 0.687678 0.000000 0.726016 0.658436 0.658436 0.658436
4804.771484 0.000000 274.041931 0.000000 0.323008 0.000000 0.946396 0.400218 0.400218 0.400218
4805.833496 0.000000 272.419250 0.000000 0.997294 0.000000 -0.073513 1.177004 1.177004 1.177004
4808.808594 0.000000 273.478394 0.000000 0.908749 0.000000 -0.417342 1.219925 1.219925 1.219925
4805.643555 0.000000 277.049225 0.000000 0.378489 0.000000 -0.925606 1.553213 1.553213 1.553213
4802.623535 0.000000 270.470490 0.000000 0.869391 0.000000 -0.494124 1.315721 1.315721 1.315721
4803.391602 0.000000 271.280914 0.000000 0.292669 0.000000 -0.956214 1.647178 1.647178 1.647178
4805.363281 0.000000 273.288300 0.000000 0.998863 0.000000 0.047682 1.108255 1.108255 1.108255
4821.633789 0.000000 287.935883 0.000000 0.140253 0.000000 -0.990116 1.072874 1.072874 1.072874
4829.687988 0.000000 288.116180 0.000000 0.541541 0.000000 0.840674 0.509037 0.509037 0.509037
4828.328613 0.000000 288.687469 0.000000 0.143184 0.000000 -0.989696 2.104661 2.104661 2.104661
4829.357910 0.000000 289.353424 0.000000 0.196366 0.000000 -0.980531 2.069157 2.069157 2.069157
4828.862305 0.000000 288.004303 0.000000 0.600854 0.000000 0.799359 0.556597 0.556597 0.556597
4832.161621 0.000000 295.857910 0.000000 0.999786 0.000000 -0.020662 1.067437 1.067437 1.067437
4840.126465 0.000000 296.078125 0.000000 0.982375 0.000000 0.186920 0.914859 0.914859 0.914859
4840.787598 0.000000 292.210968 0.000000 0.348170 0.000000 0.937432 0.557306 0.557306 0.557306
4845.422363 0.000000 305.514099 0.000000 0.876802 0.000000 -0.480852 0.982430 0.982430 0.982430
4843.043457 0.000000 295.662628 0.000000 0.225628 0.000000 0.974214 0.694612 0.694612 0.694612
4833.925781 0.000000 297.630219 0.000000 0.469405 0.000000 -0.882983 1.418327 1.418327 1.418327
4841.363281 0.000000 294.295135 0.000000 0.828430 0.000000 -0.560093 1.279943 1.279943 1.279943
4833.472168 0.000000 294.462891 0.000000 0.168758 0.000000 0.985658 0.555695 0.555695 0.555695
4844.554199 0.000000 307.095032 0.000000 0.556713 0.000000 -0.830705 1.654967 1.654967 1.654967
4833.964355 0.000000 295.881165 0.000000 0.912713 0.000000 -0.408600 1.211490 1.211490 1.211490
4832.688965 0.000000 297.058655 0.000000 0.979800 0.000000 0.199980 0.983566 0.983566 0.983566
4841.289551 0.000000 295.568604 0.000000 0.786830 0.000000 0.617170 0.818908 0.818908 0.818908
4840.144531 0.000000 294.795135 0.000000 0.205475 0.000000 0.978662 0.563177 0.563177 0.563177
4845.827637 0.000000 306.682129 0.000000 0.913015 0.000000 -0.407926 1.352645 1.352645 1.352645
4840.940430 0.000000 293.273743 0.000000 0.478220 0.000000 0.878240 0.619927 0.619927 0.619927
4845.604492 0.000000 307.687714 0.000000 0.934774 0.000000 -0.355242 1.321879 1.321879 1.321879
4844.524414 0.000000 306.013000 0.000000 0.773792 0.000000 -0.633440 1.496096 1.496096 1.496096
4746.774414 0.000000 321.012207 0.000000 0.622681 0.000000 0.782476 0.728711 0.728711 0.728711
4744.138184 0.000000 328.070312 0.000000 0.162429 0.000000 -0.986720 1.671920 1.671920 1.671920
4743.537598 0.000000 346.026886 0.000000 0.118965 0.000000 -0.992898 1.079564 1.079564 1.079564
4744.799316 0.000000 324.203156 0.000000 0.083491 0.000000 -0.996508 1.039473 1.039473 1.039473
4742.708008 0.000000 335.584015 0.000000 0.532402 0.000000 0.846492 0.874553 0.874553 0.874553
4747.055176 0.000000 327.654816 0.000000 0.946935 0.000000 -0.321425 1.214994 1.214994 1.214994
4747.652832 0.000000 323.624664 0.000000 0.794845 0.000000 -0.606813 1.204572 1.204572 1.204572
4745.476074 0.000000 344.471863 0.000000 0.216130 0.000000 0.976365 0.702676 0.702676 0.702676
4744.827148 0.000000 334.790741 0.000000 0.803405 0.000000 0.595433 0.885918 0.885918 0.885918
4745.375000 0.000000 326.287323 0.000000 0.803836 0.000000 0.594852 0.861895 0.861895 0.861895
4744.810547 0.000000 321.614410 0.000000 0.990353 0.000000 0.138569 0.958487 0.958487 0.958487
4745.885742 0.000000 337.341003 0.000000 0.983118 0.000000 -0.182971 1.164699 1.164699 1.164699
4747.161133 0.000000 325.542908 0.000000 0.384984 0.000000 -0.922923 1.214453 1.214453 1.214453
4744.243652 0.000000 336.536713 0.000000 0.340044 0.000000 0.940410 0.561677 0.561677 0.561677
4745.702637 0.000000 328.878876 0.000000 0.570065 0.000000 -0.821599 1.486196 1.486196 1.486196
4745.275879 0.000000 319.961273 0.000000 0.928626 0.000000 0.371017 0.920641 0.920641 0.920641
4746.025879 0.000000 323.020325 0.000000 0.421834 0.000000 -0.906673 1.337013 1.337013 1.337013
4744.126953 0.000000 329.614441 0.000000 0.273762 0.000000 0.961798 0.540595 0.540595 0.540595
4746.279297 0.000000 324.427032 0.000000 0.997495 0.000000 -0.070733 1.004069 1.004069 1.004069
4747.976562 0.000000 322.219513 0.000000 0.068046 0.000000 0.997682 0.614076 0.614076 0.614076
4742.873047 0.000000 337.017426 0.000000 0.468458 0.000000 -0.883486 1.217448 1.217448 1.217448
4742.663574 0.000000 344.922943 0.000000 0.692361 0.000000 -0.721551 1.191472 1.191472 1.191472
4746.989258 0.000000 329.301941 0.000000 0.554232 0.000000 -0.832362 1.232041 1.232041 1.232041
4745.613770 0.000000 336.015411 0.000000 0.004567 0.000000 -0.999990 1.756748 1.756748 1.756748
4744.818848 0.000000 345.689240 0.000000 0.927634 0.000000 -0.373491 1.090155 1.090155 1.090155
4747.837402 0.000000 326.602631 0.000000 0.437016 0.000000 0.899454 0.618578 0.618578 0.618578
4746.525391 0.000000 326.590729 0.000000 0.994251 0.000000 -0.107071 1.124255 1.124255 1.124255
4747.960449 0.000000 321.067200 0.000000 0.621933 0.000000 0.783071 0.728353 0.728353 0.728353
4744.816406 0.000000 337.462769 0.000000 0.911815 0.000000 -0.410602 1.267115 1.267115 1.267115
4745.179688 0.000000 329.769684 0.000000 0.321318 0.000000 0.946971 0.561461 0.561461 0.561461
4778.739746 0.000000 339.282043 0.000000 0.302122 0.000000 0.953269 0.679523 0.679523 0.679523
4780.562012 0.000000 339.087219 0.000000 0.999177 0.000000 -0.040571 1.011188 1.011188 1.011188
4771.927246 0.000000 331.534454 0.000000 0.349929 0.000000 0.936776 0.541817 0.541817 0.541817
4773.395020 0.000000 331.034607 0.000000 0.870662 0.000000 -0.491882 1.070637 1.070637 1.070637
4770.838867 0.000000 330.709930 0.000000 0.052963 0.000000 -0.998596 1.790328 1.790328 1.790328
4759.561523 0.000000 362.885712 0.000000 0.191551 0.000000 -0.981483 1.887105 1.887105 1.887105
4751.475098 0.000000 355.347931 0.000000 0.771996 0.000000 0.635628 0.879197 0.879197 0.879197
4757.102051 0.000000 362.457123 0.000000 0.996646 0.000000 -0.081840 0.979722 0.979722 0.979722
4753.172852 0.000000 354.031647 0.000000 0.994782 0.000000 -0.102024 1.197810 1.197810 1.197810
4753.150879 0.000000 356.736359 0.000000 0.195086 0.000000 0.980786 0.741425 0.741425 0.741425
4758.170898 0.000000 363.620392 0.000000 0.712512 0.000000 -0.701660 1.557027 1.557027 1.557027
4753.162598 0.000000 355.385925 0.000000 0.989968 0.000000 0.141291 1.057003 1.057003 1.057003
4752.158691 0.000000 354.449432 0.000000 0.608798 0.000000 0.793325 0.610004 0.610004 0.610004
4758.533691 0.000000 362.737488 0.000000 0.469872 0.000000 0.882735 0.534690 0.534690 0.534690
4752.328613 0.000000 355.612305 0.000000 0.208469 0.000000 -0.978029 1.924209 1.924209 1.924209
4771.632324 0.000000 366.324677 0.000000 0.060175 0.000000 0.998188 0.791221 0.791221 0.791221
4784.017090 0.000000 362.762268 0.000000 0.684482 0.000000 0.729030 0.852765 0.852765 0.852765
4783.234375 0.000000 380.457733 0.000000 0.912707 0.000000 -0.408615 1.150805 1.150805 1.150805
4787.772461 0.000000 360.419189 0.000000 0.642825 0.000000 0.766013 0.833688 0.833688 0.833688
4772.232422 0.000000 361.980164 0.000000 0.824091 0.000000 -0.566457 1.094083 1.094083 1.094083
4779.615723 0.000000 362.600677 0.000000 0.908019 0.000000 0.418930 0.908144 0.908144 0.908144
4793.779297 0.000000 364.675720 0.000000 0.929543 0.000000 -0.368713 1.147538 1.147538 1.147538
4783.647461 0.000000 373.489105 0.000000 0.683902 0.000000 0.729574 0.873098 0.873098 0.873098
4770.437988 0.000000 364.052094 0.000000 0.516884 0.000000 -0.856055 1.100824 1.100824 1.100824
4789.098145 0.000000 362.457123 0.000000 0.189082 0.000000 -0.981961 1.671668 1.671668 1.671668
4786.340820 0.000000 362.478790 0.000000 0.079538 0.000000 -0.996832 1.832416 1.832416 1.832416
4773.323730 0.000000 359.877319 0.000000 0.234873 0.000000 0.972026 0.673582 0.673582 0.673582
4781.792480 0.000000 363.216125 0.000000 0.949659 0.000000 -0.313286 1.125797 1.125797 1.125797
4785.179199 0.000000 360.667023 0.000000 0.318713 0.000000 -0.947851 2.071099 2.071099 2.071099
4782.191895 0.000000 378.768707 0.000000 0.999031 0.000000 0.044008 1.072207 1.072207 1.072207
4785.023926 0.000000 380.751953 0.000000 0.995029 0.000000 -0.099585 0.983655 0.983655 0.983655
4792.069336 0.000000 365.314484 0.000000 0.916497 0.000000 0.400041 0.912963 0.912963 0.912963
4795.335938 0.000000 364.950623 0.000000 0.991487 0.000000 -0.130202 1.175392 1.175392 1.175392
4768.969238 0.000000 367.990570 0.000000 0.733028 0.000000 -0.680198 1.142639 1.142639 1.142639
4787.729004 0.000000 361.977905 0.000000 0.824651 0.000000 -0.565642 1.082793 1.082793 1.082793
4772.907715 0.000000 358.408508 0.000000 0.854603 0.000000 0.519282 0.878179 0.878179 0.878179
4784.597656 0.000000 372.415710 0.000000 0.959158 0.000000 -0.282871 1.328237 1.328237 1.328237
4785.072754 0.000000 373.809570 0.000000 0.859885 0.000000 -0.510488 1.481436 1.481436 1.481436
4769.119629 0.000000 364.690155 0.000000 0.336864 0.000000 -0.941553 1.283246 1.283246 1.283246
4792.525391 0.000000 364.073669 0.000000 0.840059 0.000000 -0.542495 1.205731 1.205731 1.205731
4788.081055 0.000000 363.277374 0.000000 0.791872 0.000000 -0.610687 1.364005 1.364005 1.364005
4785.078613 0.000000 361.966614 0.000000 0.821322 0.000000 0.570464 0.751239 0.751239 0.751239
4772.150879 0.000000 359.367004 0.000000 0.963139 0.000000 0.269004 0.949257 0.949257 0.949257
4783.832031 0.000000 381.493683 0.000000 0.778695 0.000000 0.627403 0.836895 0.836895 0.836895
4780.628418 0.000000 363.200439 0.000000 0.590573 0.000000 -0.806984 1.306577 1.306577 1.306577
4783.266113 0.000000 379.278137 0.000000 0.924563 0.000000 -0.381030 1.265438 1.265438 1.265438
4783.238770 0.000000 378.204712 0.000000 0.008818 0.000000 0.999961 0.397809 0.397809 0.397809
4786.993164 0.000000 363.364807 0.000000 0.920203 0.000000 0.391442 0.911416 0.911416 0.911416
4789.046387 0.000000 363.453430 0.000000 0.844275 0.000000 -0.535910 1.325170 1.325170 1.325170
4784.438477 0.000000 361.275665 0.000000 0.374638 0.000000 0.927171 0.338426 0.338426 0.338426
4785.230957 0.000000 372.945923 0.000000 0.972653 0.000000 0.232264 1.007525 1.007525 1.007525
4785.887207 0.000000 361.721497 0.000000 0.907761 0.000000 0.419488 0.875279 0.875279 0.875279
4823.553711 0.000000 330.893524 0.000000 0.521097 0.000000 -0.853497 1.107793 1.107793 1.107793
4820.124023 0.000000 336.583527 0.000000 0.929072 0.000000 0.369900 0.918281 0.918281 0.918281
4823.189941 0.000000 338.202637 0.000000 0.573007 0.000000 0.819550 0.833555 0.833555 0.833555
4822.286621 0.000000 336.063293 0.000000 0.758314 0.000000 -0.651889 1.119626 1.119626 1.119626
4821.119629 0.000000 338.314789 0.000000 0.564832 0.000000 -0.825206 1.104309 1.104309 1.104309
4825.416504 0.000000 331.113953 0.000000 0.993196 0.000000 -0.116458 1.203036 1.203036 1.203036
4824.526855 0.000000 330.498627 0.000000 0.861244 0.000000 0.508192 0.832459 0.832459 0.832459
4825.427246 0.000000 330.214630 0.000000 0.650698 0.000000 -0.759336 1.628226 1.628226 1.628226
4842.897461 0.000000 335.637817 0.000000 0.107255 0.000000 0.994232 0.231449 0.231449 0.231449
4835.697754 0.000000 346.213562 0.000000 0.832594 0.000000 0.553884 0.872296 0.872296 0.872296
4845.400879 0.000000 325.850037 0.000000 0.532527 0.000000 -0.846413 1.834544 1.834544 1.834544
4842.429688 0.000000 333.090424 0.000000 0.942342 0.000000 -0.334652 0.975288 0.975288 0.975288
4837.682129 0.000000 347.427277 0.000000 0.913522 0.000000 0.406789 0.905804 0.905804 0.905804
4845.576660 0.000000 323.924316 0.000000 0.732780 0.000000 -0.680465 1.114002 1.114002 1.114002
4843.691406 0.000000 334.264618 0.000000 0.734199 0.000000 0.678935 0.685280 0.685280 0.685280
4834.991699 0.000000 347.578888 0.000000 0.562241 0.000000 0.826973 0.782751 0.782751 0.782751
4844.391602 0.000000 324.879730 0.000000 0.300823 0.000000 0.953680 0.330239 0.330239 0.330239
4842.163574 0.000000 334.448456 0.000000 0.979384 0.000000 0.202006 1.028904 1.028904 1.028904
4836.385742 0.000000 347.390411 0.000000 0.510297 0.000000 0.859998 0.633955 0.633955 0.633955
4845.839355 0.000000 324.922729 0.000000 0.385424 0.000000 -0.922739 1.944279 1.944279 1.944279
4836.787598 0.000000 346.469147 0.000000 0.269081 0.000000 0.963118 0.517911 0.517911 0.517911
4844.296387 0.000000 325.798309 0.000000 0.973804 0.000000 0.227387 1.015340 1.015340 1.015340
4843.750977 0.000000 335.715485 0.000000 0.839156 0.000000 -0.543890 1.521628 1.521628 1.521628
4842.977539 0.000000 334.682343 0.000000 0.568375 0.000000 0.822770 0.546061 0.546061 0.546061
4827.047852 0.000000 357.829132 0.000000 0.223031 0.000000 0.974811 0.817605 0.817605 0.817605
4824.487793 0.000000 359.591248 0.000000 0.966766 0.000000 0.255662 0.964990 0.964990 0.964990
4814.858398 0.000000 365.031311 0.000000 0.413976 0.000000 0.910288 0.535009 0.535009 0.535009
4800.977539 0.000000 354.859558 0.000000 0.781812 0.000000 -0.623514 1.354435 1.354435 1.354435
4825.413574 0.000000 357.031250 0.000000 0.673995 0.000000 -0.738736 1.183313 1.183313 1.183313
4800.802734 0.000000 352.392792 0.000000 0.195601 0.000000 -0.980684 1.371782 1.371782 1.371782
4825.909180 0.000000 358.930359 0.000000 0.901979 0.000000 0.431780 0.900200 0.900200 0.900200
4824.782715 0.000000 358.251678 0.000000 0.909284 0.000000 0.416175 0.906140 0.906140 0.906140
4801.150879 0.000000 353.597687 0.000000 0.367939 0.000000 0.929850 0.712086 0.712086 0.712086
4801.271484 0.000000 355.958710 0.000000 0.994648 0.000000 0.103326 1.036447 1.036447 1.036447
4815.462891 0.000000 365.925751 0.000000 0.696593 0.000000 0.717466 0.709059 0.709059 0.709059
4815.731934 0.000000 364.817993 0.000000 0.960725 0.000000 0.277503 0.971770 0.971770 0.971770
"}
