object={
	name="tree_africa_generator_1_0"
	clamp_to_water_level=no
	render_under_water=no
	generated_content=yes
	layer="tree_layer"
	pdxmesh="tree_olive_01_mesh"
	count=464
	transform="2538.174561 0.000000 1405.187256 0.000000 0.303078 0.000000 0.952966 0.448511 0.448511 0.448511
2556.011719 0.000000 1401.841187 0.000000 0.631591 0.000000 -0.775301 0.961802 0.961802 0.961802
2553.682861 0.000000 1394.143066 0.000000 0.992010 0.000000 -0.126160 0.780199 0.780199 0.780199
2550.677002 0.000000 1401.620483 0.000000 0.776166 0.000000 0.630529 0.587129 0.587129 0.587129
2542.951172 0.000000 1402.921875 0.000000 0.996631 0.000000 0.082021 0.730397 0.730397 0.730397
2391.850342 0.000000 1450.620117 0.000000 0.705042 0.000000 0.709166 0.561804 0.561804 0.561804
2379.197998 0.000000 1455.364380 0.000000 0.807280 0.000000 0.590169 0.599296 0.599296 0.599296
2386.313477 0.000000 1462.607300 0.000000 0.968035 0.000000 0.250814 0.689476 0.689476 0.689476
2393.702393 0.000000 1458.127441 0.000000 0.904379 0.000000 0.426730 0.644749 0.644749 0.644749
2397.208984 0.000000 1453.373413 0.000000 0.649473 0.000000 0.760385 0.543758 0.543758 0.543758
2410.190186 0.000000 1469.171631 0.000000 0.047867 0.000000 0.998854 0.386432 0.386432 0.386432
2400.458252 0.000000 1447.576660 0.000000 0.698124 0.000000 0.715977 0.559486 0.559486 0.559486
2423.846436 0.000000 1450.620117 0.000000 0.132529 0.000000 -0.991179 1.093268 1.093268 1.093268
2428.027344 0.000000 1465.825562 0.000000 0.990688 0.000000 0.136149 0.717396 0.717396 0.717396
2411.194092 0.000000 1455.364380 0.000000 0.017469 0.000000 0.999847 0.379171 0.379171 0.379171
2425.698486 0.000000 1458.127441 0.000000 0.979583 0.000000 0.201042 0.701675 0.701675 0.701675
2407.732178 0.000000 1448.545654 0.000000 0.767858 0.000000 -0.640620 0.915992 0.915992 0.915992
2416.664551 0.000000 1450.133789 0.000000 0.639086 0.000000 0.769135 0.540515 0.540515 0.540515
2403.002686 0.000000 1454.441406 0.000000 0.432178 0.000000 -0.901788 1.018309 1.018309 1.018309
2411.932617 0.000000 1450.731689 0.000000 0.988126 0.000000 0.153647 0.713174 0.713174 0.713174
2364.035156 0.000000 1497.817749 0.000000 0.377222 0.000000 0.926123 0.467341 0.467341 0.467341
2361.706299 0.000000 1490.119629 0.000000 0.857072 0.000000 0.515197 0.620789 0.620789 0.620789
2365.212891 0.000000 1485.365601 0.000000 0.929249 0.000000 -0.369455 0.840342 0.840342 0.840342
2346.197998 0.000000 1533.156006 0.000000 0.863497 0.000000 -0.504354 0.876202 0.876202 0.876202
2347.201904 0.000000 1519.348755 0.000000 0.987408 0.000000 0.158194 0.712075 0.712075 0.712075
2363.241699 0.000000 1504.008911 0.000000 0.964146 0.000000 -0.265373 0.814121 0.814121 0.814121
2354.317383 0.000000 1526.591675 0.000000 0.959866 0.000000 0.280458 0.682135 0.682135 0.682135
2361.706299 0.000000 1522.111816 0.000000 0.810056 0.000000 -0.586352 0.899577 0.899577 0.899577
2344.392822 0.000000 1526.109131 0.000000 0.965869 0.000000 -0.259032 0.812553 0.812553 0.812553
2338.396973 0.000000 1531.432007 0.000000 0.115434 0.000000 -0.993315 1.097381 1.097381 1.097381
2365.353271 0.000000 1511.110718 0.000000 0.766019 0.000000 0.642817 0.583324 0.583324 0.583324
2349.874268 0.000000 1524.099731 0.000000 0.968051 0.000000 -0.250754 0.810509 0.810509 0.810509
2378.194092 0.000000 1501.163818 0.000000 0.653631 0.000000 -0.756814 0.954934 0.954934 0.954934
2368.462158 0.000000 1479.568848 0.000000 0.431914 0.000000 0.901915 0.481621 0.481621 0.481621
2396.031250 0.000000 1497.817749 0.000000 0.286038 0.000000 -0.958218 1.055746 1.055746 1.055746
2379.197998 0.000000 1487.356567 0.000000 0.570442 0.000000 0.821338 0.519921 0.519921 0.519921
2368.698975 0.000000 1493.146362 0.000000 0.339097 0.000000 -0.940751 1.042409 1.042409 1.042409
2386.313477 0.000000 1494.599487 0.000000 0.947984 0.000000 0.318319 0.672661 0.672661 0.672661
2375.736084 0.000000 1480.537842 0.000000 0.995336 0.000000 -0.096468 0.773066 0.773066 0.773066
2388.902100 0.000000 1475.779663 0.000000 0.431824 0.000000 0.901958 0.481597 0.481597 0.481597
2371.006592 0.000000 1486.433594 0.000000 0.793945 0.000000 0.607989 0.593982 0.593982 0.593982
2397.208984 0.000000 1485.365601 0.000000 0.975850 0.000000 0.218442 0.697427 0.697427 0.697427
2390.696533 0.000000 1497.597046 0.000000 0.999287 0.000000 -0.037766 0.759018 0.759018 0.759018
2399.519775 0.000000 1475.544922 0.000000 0.771076 0.000000 -0.636743 0.914789 0.914789 0.914789
2428.027344 0.000000 1497.817749 0.000000 0.636144 0.000000 0.771570 0.539604 0.539604 0.539604
2411.194092 0.000000 1487.356567 0.000000 0.493069 0.000000 -0.869990 1.001906 1.001906 1.001906
2418.309570 0.000000 1494.599487 0.000000 0.177594 0.000000 0.984104 0.417624 0.417624 0.417624
2407.533691 0.000000 1471.710449 0.000000 0.013658 0.000000 0.999907 0.378261 0.378261 0.378261
2402.389160 0.000000 1499.439819 0.000000 0.927346 0.000000 0.374204 0.658437 0.658437 0.658437
2419.269531 0.000000 1488.075684 0.000000 0.878003 0.000000 -0.478656 0.869157 0.869157 0.869157
2422.692627 0.000000 1497.597046 0.000000 0.993048 0.000000 -0.117707 0.778166 0.778166 0.778166
2425.096680 0.000000 1501.970215 0.000000 0.959907 0.000000 0.280320 0.682170 0.682170 0.682170
2422.730225 0.000000 1493.261108 0.000000 0.903497 0.000000 -0.428595 0.855743 0.855743 0.855743
2420.150635 0.000000 1484.169434 0.000000 0.998113 0.000000 -0.061401 0.764668 0.764668 0.764668
2413.456787 0.000000 1503.307617 0.000000 0.705910 0.000000 -0.708302 0.937904 0.937904 0.937904
2411.747803 0.000000 1478.833008 0.000000 0.878728 0.000000 -0.477323 0.868795 0.868795 0.868795
2431.645752 0.000000 1496.991943 0.000000 0.542064 0.000000 -0.840337 0.988232 0.988232 0.988232
2378.194092 0.000000 1533.156006 0.000000 0.296107 0.000000 -0.955155 1.053234 1.053234 1.053234
2368.462158 0.000000 1511.561035 0.000000 0.375151 0.000000 -0.926964 1.033193 1.033193 1.033193
2396.031250 0.000000 1529.809937 0.000000 0.917195 0.000000 0.398438 0.652164 0.652164 0.652164
2381.894775 0.000000 1507.465210 0.000000 0.956133 0.000000 0.292932 0.679027 0.679027 0.679027
2386.313477 0.000000 1526.591675 0.000000 0.004089 0.000000 -0.999992 1.124024 1.124024 1.124024
2393.702393 0.000000 1522.111816 0.000000 0.532613 0.000000 0.846359 0.509092 0.509092 0.509092
2375.537598 0.000000 1503.702637 0.000000 0.780093 0.000000 0.625663 0.588621 0.588621 0.588621
2390.696533 0.000000 1529.589233 0.000000 0.727438 0.000000 0.686173 0.569467 0.569467 0.569467
2428.027344 0.000000 1529.809937 0.000000 0.907800 0.000000 -0.419404 0.853321 0.853321 0.853321
2400.695068 0.000000 1525.138550 0.000000 0.683030 0.000000 0.730390 0.554504 0.554504 0.554504
2418.309570 0.000000 1526.591675 0.000000 0.946587 0.000000 0.322449 0.671620 0.671620 0.671620
2408.385010 0.000000 1526.109131 0.000000 0.097376 0.000000 -0.995248 1.101716 1.101716 1.101716
2402.389160 0.000000 1531.432007 0.000000 0.701979 0.000000 0.712198 0.560775 0.560775 0.560775
2429.345459 0.000000 1511.110718 0.000000 0.608173 0.000000 0.793804 0.531073 0.531073 0.531073
2422.692627 0.000000 1529.589233 0.000000 0.988140 0.000000 -0.153556 0.786804 0.786804 0.786804
2404.079834 0.000000 1507.589966 0.000000 0.604029 0.000000 -0.796962 0.970171 0.970171 0.970171
2431.515869 0.000000 1507.537109 0.000000 0.261262 0.000000 0.965268 0.438104 0.438104 0.438104
2489.690674 0.000000 1426.135254 0.000000 0.056441 0.000000 -0.998406 1.111519 1.111519 1.111519
2483.543457 0.000000 1438.166504 0.000000 0.562381 0.000000 -0.826878 0.982414 0.982414 0.982414
2486.684814 0.000000 1433.612671 0.000000 0.531273 0.000000 0.847201 0.508715 0.508715 0.508715
2489.088867 0.000000 1437.985840 0.000000 0.537080 0.000000 0.843531 0.510355 0.510355 0.510355
2494.457275 0.000000 1438.030029 0.000000 0.590404 0.000000 0.807108 0.525774 0.525774 0.525774
2494.078857 0.000000 1429.050293 0.000000 0.231119 0.000000 0.972925 0.430679 0.430679 0.430679
2495.525391 0.000000 1425.063354 0.000000 0.728944 0.000000 -0.684574 0.930009 0.930009 0.930009
2460.023438 0.000000 1465.825562 0.000000 0.564661 0.000000 -0.825323 0.981755 0.981755 0.981755
2451.547363 0.000000 1470.158691 0.000000 0.148586 0.000000 -0.988900 1.089396 1.089396 1.089396
2440.381104 0.000000 1462.124756 0.000000 0.348525 0.000000 0.937300 0.459988 0.459988 0.459988
2438.567139 0.000000 1466.265991 0.000000 0.399470 0.000000 -0.916746 1.026896 1.026896 1.026896
2437.395996 0.000000 1469.997192 0.000000 0.550831 0.000000 0.834617 0.514267 0.514267 0.514267
2474.182373 0.000000 1469.171631 0.000000 0.513221 0.000000 0.858257 0.503661 0.503661 0.503661
2487.838623 0.000000 1450.620117 0.000000 0.963165 0.000000 -0.268913 0.814998 0.814998 0.814998
2492.019531 0.000000 1465.825562 0.000000 0.113967 0.000000 -0.993485 1.097733 1.097733 1.097733
2482.301758 0.000000 1462.607300 0.000000 0.520736 0.000000 -0.853718 0.994243 0.994243 0.994243
2489.690674 0.000000 1458.127441 0.000000 0.647801 0.000000 0.761810 0.543233 0.543233 0.543233
2483.543457 0.000000 1470.158691 0.000000 0.268674 0.000000 -0.963231 1.060061 1.060061 1.060061
2480.656738 0.000000 1450.133789 0.000000 0.610933 0.000000 0.791682 0.531904 0.531904 0.531904
2472.377197 0.000000 1462.124756 0.000000 0.075044 0.000000 0.997180 0.392932 0.392932 0.392932
2466.381348 0.000000 1467.447632 0.000000 0.194954 0.000000 -0.980812 1.078158 1.078158 1.078158
2493.337646 0.000000 1447.126343 0.000000 0.670396 0.000000 -0.742004 0.949593 0.949593 0.949593
2483.261719 0.000000 1456.083496 0.000000 0.814365 0.000000 0.580354 0.602186 0.602186 0.602186
2489.485352 0.000000 1444.475830 0.000000 0.433220 0.000000 -0.901288 1.018033 1.018033 1.018033
2484.411377 0.000000 1448.004761 0.000000 0.970773 0.000000 -0.239999 0.807860 0.807860 0.807860
2507.182373 0.000000 1423.372192 0.000000 0.550651 0.000000 -0.834735 0.985785 0.985785 0.985785
2523.222168 0.000000 1408.032349 0.000000 0.690895 0.000000 -0.722955 0.942913 0.942913 0.942913
2512.652832 0.000000 1418.141602 0.000000 0.878732 0.000000 -0.477315 0.868793 0.868793 0.868793
2504.373291 0.000000 1430.132568 0.000000 0.393372 0.000000 -0.919379 1.028481 1.028481 1.028481
2498.990967 0.000000 1422.449219 0.000000 0.026890 0.000000 -0.999638 1.118580 1.118580 1.118580
2498.377441 0.000000 1435.455444 0.000000 0.713928 0.000000 -0.700219 0.935186 0.935186 0.935186
2525.333740 0.000000 1415.134155 0.000000 0.999839 0.000000 0.017949 0.745715 0.745715 0.745715
2515.257812 0.000000 1424.091309 0.000000 0.197569 0.000000 -0.980289 1.077522 1.077522 1.077522
2525.193359 0.000000 1421.381226 0.000000 0.855577 0.000000 0.517676 0.620098 0.620098 0.620098
2509.854736 0.000000 1428.123169 0.000000 0.564658 0.000000 -0.825325 0.981756 0.981756 0.981756
2502.559326 0.000000 1434.273804 0.000000 0.059511 0.000000 -0.998228 1.110784 1.110784 1.110784
2519.281494 0.000000 1422.692383 0.000000 0.535932 0.000000 -0.844261 0.989970 0.989970 0.989970
2501.388184 0.000000 1438.005005 0.000000 0.097549 0.000000 0.995231 0.398325 0.398325 0.398325
2538.174561 0.000000 1437.179443 0.000000 0.220622 0.000000 -0.975359 1.071893 1.071893 1.071893
2556.011719 0.000000 1433.833374 0.000000 0.416817 0.000000 -0.908990 1.022359 1.022359 1.022359
2539.178467 0.000000 1423.372192 0.000000 0.346651 0.000000 0.937994 0.459511 0.459511 0.459511
2541.875244 0.000000 1411.488647 0.000000 0.982898 0.000000 0.184153 0.705784 0.705784 0.705784
2528.679443 0.000000 1429.161987 0.000000 0.490103 0.000000 -0.871664 1.002719 1.002719 1.002719
2546.293945 0.000000 1430.615112 0.000000 0.917828 0.000000 0.396978 0.652544 0.652544 0.652544
2553.682861 0.000000 1426.135254 0.000000 0.937165 0.000000 -0.348888 0.835080 0.835080 0.835080
2535.716553 0.000000 1416.553467 0.000000 0.256117 0.000000 0.966646 0.436832 0.436832 0.436832
2536.369385 0.000000 1430.132568 0.000000 0.992171 0.000000 0.124889 0.720107 0.720107 0.720107
2530.987061 0.000000 1422.449219 0.000000 0.191915 0.000000 0.981412 0.421102 0.421102 0.421102
2550.677002 0.000000 1433.612671 0.000000 0.538302 0.000000 0.842752 0.510701 0.510701 0.510701
2542.951172 0.000000 1434.914062 0.000000 0.930159 0.000000 -0.367158 0.839752 0.839752 0.839752
2532.064209 0.000000 1411.613403 0.000000 0.999759 0.000000 0.021972 0.744754 0.744754 0.744754
2541.850830 0.000000 1428.123169 0.000000 0.955496 0.000000 0.295004 0.678509 0.678509 0.678509
2553.081055 0.000000 1437.985840 0.000000 0.538875 0.000000 -0.842386 0.989137 0.989137 0.989137
2558.449463 0.000000 1438.030029 0.000000 0.161657 0.000000 0.986847 0.413763 0.413763 0.413763
2558.071045 0.000000 1429.050293 0.000000 0.998870 0.000000 0.047522 0.738651 0.738651 0.738651
2559.517578 0.000000 1425.063354 0.000000 0.830587 0.000000 0.556889 0.608996 0.608996 0.608996
2559.630127 0.000000 1433.007568 0.000000 0.685097 0.000000 0.728452 0.555180 0.555180 0.555180
2509.879150 0.000000 1443.480835 0.000000 0.852910 0.000000 0.522059 0.618873 0.618873 0.618873
2503.521973 0.000000 1439.718262 0.000000 0.640239 0.000000 0.768176 0.540874 0.540874 0.540874
2498.990967 0.000000 1454.441406 0.000000 0.206097 0.000000 -0.978532 1.075443 1.075443 1.075443
2498.377441 0.000000 1467.447632 0.000000 0.885315 0.000000 -0.464992 0.865457 0.865457 0.865457
2505.085205 0.000000 1444.062134 0.000000 0.142306 0.000000 0.989823 0.409089 0.409089 0.409089
2495.820801 0.000000 1451.902222 0.000000 0.732080 0.000000 0.681218 0.571088 0.571088 0.571088
2551.830811 0.000000 1450.620117 0.000000 0.985589 0.000000 -0.169156 0.790578 0.790578 0.790578
2535.716553 0.000000 1448.545654 0.000000 0.257643 0.000000 -0.966240 1.062791 1.062791 1.062791
2544.648926 0.000000 1450.133789 0.000000 0.356812 0.000000 0.934176 0.462102 0.462102 0.462102
2557.329834 0.000000 1447.126343 0.000000 0.894391 0.000000 -0.447285 0.860707 0.860707 0.860707
2553.477539 0.000000 1444.475830 0.000000 0.709398 0.000000 -0.704808 0.936725 0.936725 0.936725
2550.937988 0.000000 1439.904175 0.000000 0.714069 0.000000 0.700075 0.564862 0.564862 0.564862
2559.500244 0.000000 1443.552734 0.000000 0.006397 0.000000 0.999980 0.376527 0.376527 0.376527
2545.007568 0.000000 1445.707642 0.000000 0.932956 0.000000 0.359990 0.662085 0.662085 0.662085
2442.186279 0.000000 1501.163818 0.000000 0.542689 0.000000 0.839934 0.511945 0.511945 0.511945
2455.842529 0.000000 1482.612305 0.000000 0.236291 0.000000 0.971682 0.431949 0.431949 0.431949
2448.660645 0.000000 1482.125977 0.000000 0.728934 0.000000 0.684584 0.569988 0.569988 0.569988
2440.381104 0.000000 1494.116943 0.000000 0.686347 0.000000 -0.727274 0.944410 0.944410 0.944410
2436.075928 0.000000 1475.597778 0.000000 0.751056 0.000000 0.660238 0.577841 0.577841 0.577841
2449.565186 0.000000 1471.763428 0.000000 0.722708 0.000000 0.691153 0.567827 0.567827 0.567827
2441.093018 0.000000 1476.054321 0.000000 0.149934 0.000000 -0.988696 1.089070 1.089070 1.089070
2457.489258 0.000000 1476.468018 0.000000 0.944123 0.000000 0.329593 0.669816 0.669816 0.669816
2463.511963 0.000000 1475.544922 0.000000 0.698788 0.000000 0.715329 0.559708 0.559708 0.559708
2437.395996 0.000000 1501.989380 0.000000 0.873455 0.000000 0.486904 0.628595 0.628595 0.628595
2464.450439 0.000000 1479.568848 0.000000 0.933170 0.000000 0.359434 0.662227 0.662227 0.662227
2477.883057 0.000000 1475.473022 0.000000 0.992031 0.000000 -0.125992 0.780159 0.780159 0.780159
2471.525879 0.000000 1471.710449 0.000000 0.958204 0.000000 0.286087 0.680734 0.680734 0.680734
2436.075928 0.000000 1507.589966 0.000000 0.725784 0.000000 0.687923 0.568892 0.568892 0.568892
2433.975342 0.000000 1503.795166 0.000000 0.081211 0.000000 0.996697 0.394409 0.394409 0.394409
2634.162842 0.000000 1085.265381 0.000000 0.998322 0.000000 0.057908 0.736168 0.736168 0.736168
2615.822998 0.000000 1130.698242 0.000000 0.980179 0.000000 0.198116 0.702388 0.702388 0.702388
2610.286133 0.000000 1142.685425 0.000000 0.067047 0.000000 -0.997750 1.108982 1.108982 1.108982
2608.641113 0.000000 1130.211914 0.000000 0.030906 0.000000 -0.999522 1.117620 1.117620 1.117620
2621.322021 0.000000 1127.204468 0.000000 0.680822 0.000000 -0.732449 0.946217 0.946217 0.946217
2617.469727 0.000000 1124.553955 0.000000 0.482692 0.000000 0.875790 0.495256 0.495256 0.495256
2607.368408 0.000000 1134.325928 0.000000 0.507640 0.000000 0.861569 0.502111 0.502111 0.502111
2634.162842 0.000000 1117.257568 0.000000 0.844416 0.000000 -0.535687 0.884961 0.884961 0.884961
2647.819092 0.000000 1098.706055 0.000000 0.963435 0.000000 0.267943 0.685242 0.685242 0.685242
2637.863525 0.000000 1091.566772 0.000000 0.296649 0.000000 0.954987 0.446902 0.446902 0.446902
2642.282227 0.000000 1110.693237 0.000000 0.875768 0.000000 0.482732 0.629734 0.629734 0.629734
2631.704834 0.000000 1096.631592 0.000000 0.099738 0.000000 -0.995014 1.101150 1.101150 1.101150
2646.665283 0.000000 1113.690796 0.000000 0.830019 0.000000 -0.557736 0.891247 0.891247 0.891247
2638.939453 0.000000 1114.992188 0.000000 0.659294 0.000000 0.751885 0.546859 0.546859 0.546859
2641.541748 0.000000 1087.857178 0.000000 0.465528 0.000000 -0.885033 1.009398 1.009398 1.009398
2633.069580 0.000000 1092.148071 0.000000 0.979990 0.000000 0.199049 0.702161 0.702161 0.702161
2639.364502 0.000000 1102.333740 0.000000 0.952573 0.000000 -0.304312 0.823820 0.823820 0.823820
2631.506348 0.000000 1119.796387 0.000000 0.920175 0.000000 -0.391507 0.846035 0.846035 0.846035
2628.052490 0.000000 1123.683716 0.000000 0.993344 0.000000 0.115189 0.722440 0.722440 0.722440
2619.210449 0.000000 1152.094849 0.000000 0.710758 0.000000 -0.703436 0.936264 0.936264 0.936264
2620.003906 0.000000 1209.888062 0.000000 0.998773 0.000000 0.049527 0.738171 0.738171 0.738171
2622.441650 0.000000 1214.084717 0.000000 0.930754 0.000000 -0.365646 0.839364 0.839364 0.839364
2634.162842 0.000000 1181.241943 0.000000 0.676132 0.000000 0.736781 0.552259 0.552259 0.552259
2635.166748 0.000000 1167.434692 0.000000 0.315566 0.000000 0.948904 0.451646 0.451646 0.451646
2637.863525 0.000000 1155.551147 0.000000 0.993682 0.000000 0.112230 0.723151 0.723151 0.723151
2642.282227 0.000000 1174.677612 0.000000 0.867225 0.000000 -0.497916 0.874426 0.874426 0.874426
2643.523926 0.000000 1182.229004 0.000000 0.612344 0.000000 0.790591 0.532330 0.532330 0.532330
2631.704834 0.000000 1160.615967 0.000000 0.421326 0.000000 0.906909 0.478826 0.478826 0.478826
2632.357666 0.000000 1174.195068 0.000000 0.716764 0.000000 -0.697316 0.934217 0.934217 0.934217
2630.412109 0.000000 1169.702637 0.000000 0.992359 0.000000 0.123381 0.720470 0.720470 0.720470
2633.069580 0.000000 1156.132446 0.000000 0.991662 0.000000 -0.128867 0.780851 0.780851 0.780851
2639.364502 0.000000 1166.318115 0.000000 0.820795 0.000000 0.571223 0.604852 0.604852 0.604852
2647.819092 0.000000 1194.682617 0.000000 0.406910 0.000000 0.913468 0.475045 0.475045 0.475045
2652.000000 0.000000 1209.888062 0.000000 0.729737 0.000000 0.683729 0.570268 0.570268 0.570268
2631.506348 0.000000 1183.780762 0.000000 0.820670 0.000000 0.571402 0.604800 0.604800 0.604800
2640.637207 0.000000 1194.196289 0.000000 0.810729 0.000000 -0.585422 0.899303 0.899303 0.899303
2632.357666 0.000000 1206.187256 0.000000 0.969311 0.000000 -0.245837 0.809297 0.809297 0.809297
2644.870850 0.000000 1187.849976 0.000000 0.475004 0.000000 0.879984 0.493165 0.493165 0.493165
2626.361816 0.000000 1211.510132 0.000000 0.126898 0.000000 -0.991916 1.094624 1.094624 1.094624
2641.541748 0.000000 1183.833740 0.000000 0.392063 0.000000 -0.919939 1.028821 1.028821 1.028821
2649.069336 0.000000 1214.040527 0.000000 0.625322 0.000000 0.780367 0.536274 0.536274 0.536274
2629.372559 0.000000 1214.059692 0.000000 0.303522 0.000000 0.952824 0.448622 0.448622 0.448622
2634.162842 0.000000 1245.226318 0.000000 0.310430 0.000000 -0.950596 1.049645 1.049645 1.049645
2651.206543 0.000000 1216.079224 0.000000 0.989571 0.000000 0.144044 0.715492 0.715492 0.715492
2643.523926 0.000000 1246.213379 0.000000 0.722792 0.000000 0.691066 0.567856 0.567856 0.567856
2631.506348 0.000000 1215.772949 0.000000 0.990211 0.000000 -0.139575 0.783430 0.783430 0.783430
2640.637207 0.000000 1226.188477 0.000000 0.573604 0.000000 0.819133 0.520841 0.520841 0.520841
2653.318115 0.000000 1223.181030 0.000000 0.947441 0.000000 0.319929 0.672256 0.672256 0.672256
2643.242188 0.000000 1232.138184 0.000000 0.891445 0.000000 0.453129 0.637731 0.637731 0.637731
2638.939453 0.000000 1242.960938 0.000000 0.749208 0.000000 0.662335 0.577174 0.577174 0.577174
2637.839111 0.000000 1236.170044 0.000000 0.034296 0.000000 0.999412 0.383189 0.383189 0.383189
2644.391846 0.000000 1224.059448 0.000000 0.500286 0.000000 -0.865860 0.999921 0.999921 0.999921
2625.951904 0.000000 1215.865479 0.000000 0.261077 0.000000 0.965318 0.438058 0.438058 0.438058
2644.123291 0.000000 1228.231934 0.000000 0.999932 0.000000 0.011672 0.747214 0.747214 0.747214
2651.260498 0.000000 1226.086182 0.000000 0.564932 0.000000 -0.825137 0.981677 0.981677 0.981677
2656.427002 0.000000 1223.631348 0.000000 0.617507 0.000000 -0.786566 0.966107 0.966107 0.966107
2664.353760 0.000000 1238.179443 0.000000 0.972237 0.000000 0.233999 0.693614 0.693614 0.693614
2667.088867 0.000000 1241.266602 0.000000 0.947712 0.000000 0.319128 0.672458 0.672458 0.672458
2651.206543 0.000000 1248.071411 0.000000 0.012711 0.000000 0.999919 0.378035 0.378035 0.378035
2641.541748 0.000000 1247.818115 0.000000 0.145151 0.000000 0.989410 0.409775 0.409775 0.409775
2679.815186 0.000000 1258.666992 0.000000 0.873068 0.000000 0.487598 0.628405 0.628405 0.628405
2676.866943 0.000000 1251.834351 0.000000 0.331390 0.000000 0.943494 0.455638 0.455638 0.455638
2685.173828 0.000000 1261.420288 0.000000 0.249195 0.000000 -0.968453 1.064876 1.064876 1.064876
2660.048584 0.000000 1251.652466 0.000000 0.579079 0.000000 0.815272 0.522441 0.522441 0.522441
2681.461914 0.000000 1252.522705 0.000000 0.003236 0.000000 0.999995 0.375773 0.375773 0.375773
2687.501953 0.000000 1265.102417 0.000000 0.139712 0.000000 -0.990192 1.091537 1.091537 1.091537
2676.387939 0.000000 1256.051636 0.000000 0.076739 0.000000 -0.997051 1.106662 1.106662 1.106662
2657.947998 0.000000 1247.857666 0.000000 0.999504 0.000000 -0.031481 0.757517 0.757517 0.757517
2679.788330 0.000000 1255.335815 0.000000 0.258980 0.000000 -0.965883 1.062460 1.062460 1.062460
2688.423096 0.000000 1255.623535 0.000000 0.840624 0.000000 -0.541620 0.886642 0.886642 0.886642
2688.659912 0.000000 1269.201050 0.000000 0.997320 0.000000 -0.073160 0.767481 0.767481 0.767481
2707.516113 0.000000 1278.205566 0.000000 0.017521 0.000000 0.999847 0.379183 0.379183 0.379183
2696.349854 0.000000 1270.171631 0.000000 0.828752 0.000000 0.559616 0.608211 0.608211 0.608211
2690.967529 0.000000 1262.488281 0.000000 0.956037 0.000000 0.293246 0.678948 0.678948 0.678948
2686.433838 0.000000 1310.061279 0.000000 0.828279 0.000000 0.560315 0.608010 0.608010 0.608010
2687.614502 0.000000 1305.038818 0.000000 0.664477 0.000000 0.747309 0.548509 0.548509 0.548509
2590.067139 0.000000 1397.058105 0.000000 0.550725 0.000000 -0.834687 0.985764 0.985764 0.985764
2591.513672 0.000000 1393.071167 0.000000 0.855629 0.000000 0.517590 0.620122 0.620122 0.620122
2591.626221 0.000000 1401.015381 0.000000 0.825909 0.000000 -0.563803 0.892997 0.892997 0.892997
2610.286133 0.000000 1398.622925 0.000000 0.966223 0.000000 0.257707 0.687775 0.687775 0.687775
2617.675049 0.000000 1394.143066 0.000000 0.218713 0.000000 -0.975789 1.072361 1.072361 1.072361
2611.527832 0.000000 1406.174316 0.000000 0.445813 0.000000 -0.895126 1.014686 1.014686 1.014686
2594.979248 0.000000 1390.457031 0.000000 0.893456 0.000000 0.449151 0.638795 0.638795 0.638795
2594.365723 0.000000 1403.463257 0.000000 0.218386 0.000000 -0.975863 1.072441 1.072441 1.072441
2614.669189 0.000000 1401.620483 0.000000 0.995860 0.000000 0.090898 0.728270 0.728270 0.728270
2622.063232 0.000000 1397.058105 0.000000 0.469603 0.000000 -0.882878 1.008298 1.008298 1.008298
2614.706787 0.000000 1397.284546 0.000000 0.747453 0.000000 0.664315 0.576542 0.576542 0.576542
2618.311035 0.000000 1398.476807 0.000000 0.778047 0.000000 -0.628206 0.912158 0.912158 0.912158
2647.819092 0.000000 1386.635742 0.000000 0.685394 0.000000 0.728173 0.555277 0.555277 0.555277
2635.166748 0.000000 1391.380005 0.000000 0.932518 0.000000 0.361124 0.661795 0.661795 0.661795
2644.870850 0.000000 1379.803101 0.000000 0.973858 0.000000 0.227156 0.695293 0.695293 0.695293
2626.975342 0.000000 1390.457031 0.000000 0.263837 0.000000 0.964567 0.438741 0.438741 0.438741
2644.391846 0.000000 1384.020386 0.000000 0.944576 0.000000 -0.328293 0.829855 0.829855 0.829855
2698.155029 0.000000 1309.210693 0.000000 0.808094 0.000000 0.589054 0.599625 0.599625 0.599625
2711.811279 0.000000 1290.659180 0.000000 0.182709 0.000000 0.983167 0.418865 0.418865 0.418865
2688.659912 0.000000 1301.193237 0.000000 0.839705 0.000000 0.543043 0.612954 0.612954 0.612954
2704.629395 0.000000 1290.172852 0.000000 0.311663 0.000000 0.950193 0.450664 0.450664 0.450664
2696.349854 0.000000 1302.163818 0.000000 0.696055 0.000000 0.717988 0.558797 0.558797 0.558797
2708.863037 0.000000 1283.826538 0.000000 0.999021 0.000000 -0.044247 0.760567 0.760567 0.760567
2690.354004 0.000000 1307.486694 0.000000 0.567063 0.000000 0.823675 0.518940 0.518940 0.518940
2705.533936 0.000000 1279.810303 0.000000 0.663032 0.000000 -0.748591 0.951952 0.951952 0.951952
2694.535889 0.000000 1306.305054 0.000000 0.942444 0.000000 0.334364 0.668609 0.668609 0.668609
2692.404297 0.000000 1302.932983 0.000000 0.184437 0.000000 0.982844 0.419285 0.419285 0.419285
2689.001221 0.000000 1304.583252 0.000000 0.914344 0.000000 -0.404937 0.849530 0.849530 0.849530
2696.645020 0.000000 1304.693970 0.000000 0.716609 0.000000 -0.697475 0.934270 0.934270 0.934270
2720.656006 0.000000 1301.193237 0.000000 0.878523 0.000000 -0.477700 0.868897 0.868897 0.868897
2711.811279 0.000000 1322.651367 0.000000 0.170400 0.000000 -0.985375 1.084121 1.084121 1.084121
2695.498535 0.000000 1311.749512 0.000000 0.999339 0.000000 -0.036356 0.758681 0.758681 0.758681
2720.656006 0.000000 1333.185425 0.000000 0.551600 0.000000 -0.834109 0.985513 0.985513 0.985513
2728.345947 0.000000 1334.156006 0.000000 0.936581 0.000000 0.350452 0.664521 0.664521 0.664521
2724.400391 0.000000 1334.925171 0.000000 0.885953 0.000000 0.463774 0.634871 0.634871 0.634871
2749.306396 0.000000 1351.149780 0.000000 0.517276 0.000000 -0.855819 0.995210 0.995210 0.995210
2688.423096 0.000000 1383.592285 0.000000 0.960248 0.000000 -0.279149 0.817539 0.817539 0.817539
2688.659912 0.000000 1397.169800 0.000000 0.165494 0.000000 -0.986211 1.085309 1.085309 1.085309
2706.274414 0.000000 1398.622925 0.000000 0.979966 0.000000 0.199165 0.702133 0.702133 0.702133
2707.516113 0.000000 1406.174316 0.000000 0.902918 0.000000 -0.429813 0.856065 0.856065 0.856065
2695.697021 0.000000 1384.561279 0.000000 0.973145 0.000000 0.230192 0.694548 0.694548 0.694548
2690.967529 0.000000 1390.457031 0.000000 0.943901 0.000000 0.330229 0.669656 0.669656 0.669656
2701.831299 0.000000 1396.130981 0.000000 0.228053 0.000000 -0.973649 1.070073 1.070073 1.070073
2691.637695 0.000000 1386.364014 0.000000 0.518522 0.000000 -0.855065 0.994862 0.994862 0.994862
2699.084961 0.000000 1401.227539 0.000000 0.425719 0.000000 -0.904856 1.020016 1.020016 1.020016
2763.151123 0.000000 1359.387817 0.000000 0.977882 0.000000 -0.209156 0.800304 0.800304 0.800304
2771.508301 0.000000 1374.182129 0.000000 0.997948 0.000000 0.064035 0.734702 0.734702 0.734702
2771.226562 0.000000 1360.106934 0.000000 0.273111 0.000000 0.961982 0.441039 0.441039 0.441039
2774.649658 0.000000 1369.628296 0.000000 0.712491 0.000000 -0.701681 0.935675 0.935675 0.935675
2763.889648 0.000000 1354.755127 0.000000 0.997770 0.000000 0.066751 0.734052 0.734052 0.734052
2767.348877 0.000000 1358.271240 0.000000 0.220358 0.000000 -0.975419 1.071958 1.071958 1.071958
2765.847900 0.000000 1379.496460 0.000000 0.980729 0.000000 -0.195372 0.796943 0.796943 0.796943
2768.621582 0.000000 1386.149414 0.000000 0.936575 0.000000 0.350468 0.664517 0.664517 0.664517
2769.526123 0.000000 1375.786865 0.000000 0.411087 0.000000 -0.911596 1.023862 1.023862 1.023862
2761.053955 0.000000 1380.077759 0.000000 0.665207 0.000000 0.746659 0.548743 0.548743 0.548743
2772.376221 0.000000 1384.020386 0.000000 0.898109 0.000000 0.439774 0.641294 0.641294 0.641294
2775.250244 0.000000 1390.700195 0.000000 0.041276 0.000000 0.999148 0.384857 0.384857 0.384857
2772.107666 0.000000 1388.192871 0.000000 0.223358 0.000000 -0.974736 1.071223 1.071223 1.071223
2763.704834 0.000000 1382.856445 0.000000 0.012186 0.000000 0.999926 0.377909 0.377909 0.377909
2588.007812 0.000000 1433.833374 0.000000 0.410070 0.000000 -0.912054 1.024128 1.024128 1.024128
2560.675537 0.000000 1429.161987 0.000000 0.941061 0.000000 0.338238 0.667627 0.667627 0.667627
2578.290039 0.000000 1430.615112 0.000000 0.133571 0.000000 -0.991039 1.093017 1.093017 1.093017
2576.645020 0.000000 1418.141602 0.000000 0.645013 0.000000 0.764172 0.542361 0.542361 0.542361
2562.983154 0.000000 1422.449219 0.000000 0.015372 0.000000 -0.999882 1.121330 1.121330 1.121330
2562.369629 0.000000 1435.455444 0.000000 0.346150 0.000000 0.938179 0.459383 0.459383 0.459383
2579.250000 0.000000 1424.091309 0.000000 0.566373 0.000000 0.824149 0.518740 0.518740 0.518740
2566.419922 0.000000 1425.640137 0.000000 0.799503 0.000000 -0.600662 0.903822 0.903822 0.903822
2590.445557 0.000000 1438.030029 0.000000 0.999225 0.000000 -0.039372 0.759402 0.759402 0.759402
2566.551514 0.000000 1434.273804 0.000000 0.343679 0.000000 0.939087 0.458755 0.458755 0.458755
2564.419922 0.000000 1430.901733 0.000000 0.999932 0.000000 -0.011640 0.752779 0.752779 0.752779
2565.380371 0.000000 1438.005005 0.000000 0.937319 0.000000 0.348472 0.665026 0.665026 0.665026
2559.751465 0.000000 1437.817139 0.000000 0.628337 0.000000 0.777941 0.537198 0.537198 0.537198
2561.016846 0.000000 1432.552002 0.000000 0.635329 0.000000 0.772242 0.539352 0.539352 0.539352
2602.166748 0.000000 1437.179443 0.000000 0.470561 0.000000 -0.882367 1.008039 1.008039 1.008039
2619.210449 0.000000 1408.032349 0.000000 0.939894 0.000000 -0.341466 0.833192 0.833192 0.833192
2599.708740 0.000000 1416.553467 0.000000 0.939835 0.000000 0.341629 0.666766 0.666766 0.666766
2608.641113 0.000000 1418.141602 0.000000 0.898012 0.000000 -0.439970 0.858758 0.858758 0.858758
2594.979248 0.000000 1422.449219 0.000000 0.586776 0.000000 -0.809749 0.975298 0.975298 0.975298
2594.365723 0.000000 1435.455444 0.000000 0.754896 0.000000 0.655845 0.579234 0.579234 0.579234
2603.909180 0.000000 1418.739502 0.000000 0.168175 0.000000 0.985757 0.415341 0.415341 0.415341
2598.416016 0.000000 1425.640137 0.000000 0.677230 0.000000 0.735772 0.552615 0.552615 0.552615
2599.073242 0.000000 1420.875854 0.000000 0.670271 0.000000 0.742116 0.550367 0.550367 0.550367
2597.376465 0.000000 1438.005005 0.000000 0.149418 0.000000 0.988774 0.410805 0.410805 0.410805
2602.118896 0.000000 1426.970215 0.000000 0.533042 0.000000 -0.846089 0.990787 0.990787 0.990787
2587.214355 0.000000 1440.024536 0.000000 0.180037 0.000000 0.983660 0.418216 0.418216 0.418216
2567.712646 0.000000 1448.545654 0.000000 0.500350 0.000000 0.865823 0.500097 0.500097 0.500097
2579.250000 0.000000 1456.083496 0.000000 0.647208 0.000000 -0.762313 0.956952 0.956952 0.956952
2569.077393 0.000000 1444.062134 0.000000 0.952990 0.000000 -0.303003 0.823492 0.823492 0.823492
2591.513672 0.000000 1457.055542 0.000000 0.987196 0.000000 0.159512 0.711756 0.711756 0.711756
2583.273682 0.000000 1454.684570 0.000000 0.568042 0.000000 -0.823000 0.980776 0.980776 0.980776
2591.496338 0.000000 1443.552734 0.000000 0.739816 0.000000 -0.672809 0.926184 0.926184 0.926184
2561.959717 0.000000 1439.810791 0.000000 0.728288 0.000000 0.685271 0.569763 0.569763 0.569763
2587.268311 0.000000 1450.031494 0.000000 0.315655 0.000000 -0.948874 1.048332 1.048332 1.048332
2582.002197 0.000000 1457.976807 0.000000 0.428455 0.000000 0.903563 0.480707 0.480707 0.480707
2560.656250 0.000000 1442.739868 0.000000 0.918563 0.000000 -0.395274 0.847013 0.847013 0.847013
2585.881348 0.000000 1452.908081 0.000000 0.801996 0.000000 -0.597330 0.902829 0.902829 0.902829
2593.955811 0.000000 1439.810791 0.000000 0.900099 0.000000 -0.435686 0.857621 0.857621 0.857621
2591.809082 0.000000 1451.902222 0.000000 0.870635 0.000000 -0.491929 0.872781 0.872781 0.872781
2592.652344 0.000000 1442.739868 0.000000 0.225057 0.000000 0.974346 0.429193 0.429193 0.429193
2701.855713 0.000000 1411.488647 0.000000 0.997636 0.000000 -0.068717 0.766418 0.766418 0.766418
2290.325195 0.000000 1686.552612 0.000000 0.649264 0.000000 0.760563 0.543692 0.543692 0.543692
2291.566895 0.000000 1694.104004 0.000000 0.495596 0.000000 -0.868553 1.001212 1.001212 1.001212
2294.708252 0.000000 1689.550171 0.000000 0.997780 0.000000 -0.066592 0.765909 0.765909 0.765909
2282.205811 0.000000 1725.109131 0.000000 0.249928 0.000000 -0.968264 1.064695 1.064695 1.064695
2300.042969 0.000000 1721.763062 0.000000 0.493120 0.000000 -0.869961 1.001892 1.001892 1.001892
2283.209717 0.000000 1711.301880 0.000000 0.539382 0.000000 -0.842061 0.988994 0.988994 0.988994
2299.249512 0.000000 1695.962036 0.000000 0.989397 0.000000 0.145235 0.715204 0.715204 0.715204
2290.325195 0.000000 1718.544800 0.000000 0.875970 0.000000 0.482366 0.629833 0.629833 0.629833
2280.400635 0.000000 1718.062256 0.000000 0.309110 0.000000 0.951026 0.450023 0.450023 0.450023
2291.285156 0.000000 1712.020996 0.000000 0.822880 0.000000 -0.568216 0.894275 0.894275 0.894275
2285.882080 0.000000 1716.052856 0.000000 0.830376 0.000000 0.557204 0.608906 0.608906 0.608906
2359.854248 0.000000 1546.596680 0.000000 0.364338 0.000000 -0.931267 1.035971 1.035971 1.035971
2364.035156 0.000000 1561.802124 0.000000 0.945949 0.000000 0.324314 0.671150 0.671150 0.671150
2363.241699 0.000000 1536.001099 0.000000 0.645695 0.000000 0.763595 0.542574 0.542574 0.542574
2354.317383 0.000000 1558.583862 0.000000 0.354892 0.000000 0.934907 0.461612 0.461612 0.461612
2365.353271 0.000000 1543.102905 0.000000 0.887182 0.000000 -0.461420 0.864495 0.864495 0.864495
2355.277344 0.000000 1552.060059 0.000000 0.578913 0.000000 0.815389 0.522392 0.522392 0.522392
2358.738037 0.000000 1557.245483 0.000000 0.983134 0.000000 -0.182886 0.793908 0.793908 0.793908
2364.035156 0.000000 1593.794312 0.000000 0.976135 0.000000 0.217164 0.697739 0.697739 0.697739
2347.201904 0.000000 1583.333130 0.000000 0.565281 0.000000 -0.824898 0.981576 0.981576 0.981576
2349.898682 0.000000 1571.449585 0.000000 0.684838 0.000000 0.728695 0.555095 0.555095 0.555095
2343.739990 0.000000 1576.514404 0.000000 0.703459 0.000000 -0.710736 0.938728 0.938728 0.938728
2344.392822 0.000000 1590.093506 0.000000 0.996313 0.000000 0.085796 0.729493 0.729493 0.729493
2347.940430 0.000000 1578.700439 0.000000 0.997355 0.000000 0.072682 0.732633 0.732633 0.732633
2378.194092 0.000000 1565.148193 0.000000 0.142373 0.000000 -0.989813 1.090895 1.090895 1.090895
2368.462158 0.000000 1543.553223 0.000000 0.973186 0.000000 0.230018 0.694591 0.694591 0.694591
2396.031250 0.000000 1561.802124 0.000000 0.038611 0.000000 0.999254 0.384220 0.384220 0.384220
2386.313477 0.000000 1558.583862 0.000000 0.935368 0.000000 0.353675 0.663699 0.663699 0.663699
2393.702393 0.000000 1554.104004 0.000000 0.839705 0.000000 0.543044 0.612954 0.612954 0.612954
2375.537598 0.000000 1535.694824 0.000000 0.454703 0.000000 0.890643 0.487691 0.487691 0.487691
2390.696533 0.000000 1561.581421 0.000000 0.628366 0.000000 -0.777918 0.962793 0.962793 0.962793
2398.090576 0.000000 1557.019043 0.000000 0.001757 0.000000 0.999998 0.375419 0.375419 0.375419
2423.846436 0.000000 1546.596680 0.000000 0.882726 0.000000 -0.469888 0.866779 0.866779 0.866779
2411.194092 0.000000 1551.340942 0.000000 0.088555 0.000000 -0.996071 1.103831 1.103831 1.103831
2413.890869 0.000000 1539.457397 0.000000 0.283333 0.000000 -0.959022 1.056420 1.056420 1.056420
2400.695068 0.000000 1557.130737 0.000000 0.548184 0.000000 -0.836358 0.986489 0.986489 0.986489
2427.233887 0.000000 1536.001099 0.000000 0.335587 0.000000 -0.942009 1.043299 1.043299 1.043299
2407.732178 0.000000 1544.522217 0.000000 0.599860 0.000000 0.800105 0.528583 0.528583 0.528583
2416.664551 0.000000 1546.110352 0.000000 0.170509 0.000000 0.985356 0.415906 0.415906 0.415906
2403.002686 0.000000 1550.417969 0.000000 0.380578 0.000000 0.924749 0.468206 0.468206 0.468206
2402.389160 0.000000 1563.424194 0.000000 0.737741 0.000000 0.675084 0.573081 0.573081 0.573081
2411.932617 0.000000 1546.708252 0.000000 0.041216 0.000000 -0.999150 1.115158 1.115158 1.115158
2391.850342 0.000000 1578.588867 0.000000 0.719797 0.000000 -0.694184 0.933176 0.933176 0.933176
2396.031250 0.000000 1593.794312 0.000000 0.999486 0.000000 -0.032057 0.757654 0.757654 0.757654
2381.894775 0.000000 1571.449585 0.000000 0.940732 0.000000 -0.339151 0.832605 0.832605 0.832605
2368.698975 0.000000 1589.122925 0.000000 0.479889 0.000000 0.877329 0.494492 0.494492 0.494492
2395.237793 0.000000 1567.993286 0.000000 0.999700 0.000000 0.024489 0.744153 0.744153 0.744153
2387.555176 0.000000 1598.127441 0.000000 0.225624 0.000000 -0.974214 1.070668 1.070668 1.070668
2375.736084 0.000000 1576.514404 0.000000 0.974536 0.000000 0.224233 0.696009 0.696009 0.696009
2384.668457 0.000000 1578.102539 0.000000 0.438553 0.000000 0.898705 0.483382 0.483382 0.483382
2388.902100 0.000000 1571.756226 0.000000 0.430982 0.000000 0.902360 0.481375 0.481375 0.481375
2371.006592 0.000000 1582.410156 0.000000 0.908940 0.000000 0.416926 0.647331 0.647331 0.647331
2370.393066 0.000000 1595.416382 0.000000 0.626313 0.000000 0.779571 0.536578 0.536578 0.536578
2397.208984 0.000000 1581.342163 0.000000 0.077443 0.000000 0.996997 0.393507 0.393507 0.393507
2390.696533 0.000000 1593.573608 0.000000 0.938446 0.000000 0.345427 0.665801 0.665801 0.665801
2400.458252 0.000000 1575.545410 0.000000 0.938461 0.000000 0.345384 0.665811 0.665811 0.665811
2419.551270 0.000000 1598.127441 0.000000 0.016894 0.000000 -0.999857 1.120967 1.120967 1.120967
2349.898682 0.000000 1603.441772 0.000000 0.866309 0.000000 0.499508 0.625135 0.625135 0.625135
2363.241699 0.000000 1599.985474 0.000000 0.424800 0.000000 0.905287 0.479742 0.479742 0.479742
2343.739990 0.000000 1608.506592 0.000000 0.468067 0.000000 -0.883693 1.008713 1.008713 1.008713
2343.541504 0.000000 1599.679199 0.000000 0.451457 0.000000 -0.892293 1.013178 1.013178 1.013178
2352.672363 0.000000 1610.094727 0.000000 0.089658 0.000000 -0.995973 1.103567 1.103567 1.103567
2344.392822 0.000000 1622.085693 0.000000 0.060892 0.000000 -0.998144 1.110454 1.110454 1.110454
2339.010498 0.000000 1614.402344 0.000000 0.668825 0.000000 -0.743420 0.950098 0.950098 0.950098
2338.396973 0.000000 1627.408569 0.000000 0.929154 0.000000 0.369694 0.659597 0.659597 0.659597
2355.277344 0.000000 1616.044434 0.000000 0.284912 0.000000 0.958554 0.443973 0.443973 0.443973
2340.087646 0.000000 1603.566528 0.000000 0.353045 0.000000 0.935606 0.461140 0.461140 0.461140
2332.039062 0.000000 1657.778687 0.000000 0.887442 0.000000 -0.460920 0.864360 0.864360 0.864360
2336.466064 0.000000 1639.529785 0.000000 0.327146 0.000000 0.944974 0.454565 0.454565 0.454565
2349.898682 0.000000 1635.433960 0.000000 0.015331 0.000000 -0.999882 1.121340 1.121340 1.121340
2336.702881 0.000000 1653.107300 0.000000 0.974083 0.000000 -0.226191 0.804470 0.804470 0.804470
2343.541504 0.000000 1631.671387 0.000000 0.995535 0.000000 0.094393 0.727432 0.727432 0.727432
2339.010498 0.000000 1646.394531 0.000000 0.302354 0.000000 -0.953196 1.051671 1.051671 1.051671
2368.462158 0.000000 1607.537598 0.000000 0.879146 0.000000 0.476552 0.631415 0.631415 0.631415
2379.197998 0.000000 1615.325317 0.000000 0.999946 0.000000 0.010423 0.747512 0.747512 0.747512
2381.894775 0.000000 1603.441772 0.000000 0.949136 0.000000 -0.314866 0.826470 0.826470 0.826470
2375.736084 0.000000 1608.506592 0.000000 0.570751 0.000000 0.821123 0.520011 0.520011 0.520011
2385.572998 0.000000 1599.732178 0.000000 0.755466 0.000000 -0.655188 0.920558 0.920558 0.920558
2410.190186 0.000000 1629.132568 0.000000 0.288464 0.000000 0.957491 0.444858 0.444858 0.444858
2423.846436 0.000000 1610.581055 0.000000 0.347371 0.000000 -0.937728 1.040306 1.040306 1.040306
2413.890869 0.000000 1603.441772 0.000000 0.386729 0.000000 0.922194 0.469796 0.469796 0.469796
2400.695068 0.000000 1621.115112 0.000000 0.998871 0.000000 0.047510 0.738653 0.738653 0.738653
2416.664551 0.000000 1610.094727 0.000000 0.912266 0.000000 0.409598 0.649252 0.649252 0.649252
2408.385010 0.000000 1622.085693 0.000000 0.735556 0.000000 -0.677464 0.927691 0.927691 0.927691
2420.898193 0.000000 1603.748413 0.000000 0.058948 0.000000 0.998261 0.389081 0.389081 0.389081
2402.389160 0.000000 1627.408569 0.000000 0.764439 0.000000 -0.644696 0.917262 0.917262 0.917262
2378.194092 0.000000 1661.124756 0.000000 0.931440 0.000000 0.363894 0.661085 0.661085 0.661085
2395.237793 0.000000 1631.977661 0.000000 0.208391 0.000000 0.978046 0.425117 0.425117 0.425117
2386.313477 0.000000 1654.560425 0.000000 0.976175 0.000000 -0.216985 0.802217 0.802217 0.802217
2393.702393 0.000000 1650.080566 0.000000 0.643797 0.000000 -0.765196 0.958019 0.958019 0.958019
2397.349365 0.000000 1639.079468 0.000000 0.265658 0.000000 -0.964067 1.060808 1.060808 1.060808
2387.273438 0.000000 1648.036621 0.000000 0.117272 0.000000 -0.993100 1.096939 1.096939 1.096939
2382.970703 0.000000 1658.859375 0.000000 0.400938 0.000000 0.916105 0.473487 0.473487 0.473487
2407.533691 0.000000 1631.671387 0.000000 0.598543 0.000000 -0.801090 0.971810 0.971810 0.971810
2314.201904 0.000000 1693.116943 0.000000 0.248892 0.000000 0.968531 0.435050 0.435050 0.435050
2304.469971 0.000000 1671.521973 0.000000 0.985875 0.000000 -0.167485 0.790173 0.790173 0.790173
2315.205811 0.000000 1679.309692 0.000000 0.952882 0.000000 -0.303341 0.823577 0.823577 0.823577
2317.902588 0.000000 1667.426147 0.000000 0.730965 0.000000 -0.682415 0.929303 0.929303 0.929303
2304.706787 0.000000 1685.099487 0.000000 0.792952 0.000000 -0.609285 0.906407 0.906407 0.906407
2331.245605 0.000000 1663.969849 0.000000 0.955998 0.000000 0.293373 0.678917 0.678917 0.678917
2322.321289 0.000000 1686.552612 0.000000 0.795133 0.000000 0.606435 0.594449 0.594449 0.594449
2311.743896 0.000000 1672.490967 0.000000 0.139653 0.000000 0.990201 0.408449 0.408449 0.408449
2320.676270 0.000000 1674.079102 0.000000 0.338627 0.000000 0.940921 0.457472 0.457472 0.457472
2324.909912 0.000000 1667.732788 0.000000 0.507572 0.000000 -0.861609 0.997907 0.997907 0.997907
2307.014404 0.000000 1678.386719 0.000000 0.348617 0.000000 0.937265 0.460011 0.460011 0.460011
2317.878174 0.000000 1684.060669 0.000000 0.573402 0.000000 0.819274 0.520782 0.520782 0.520782
2346.197998 0.000000 1693.116943 0.000000 0.959814 0.000000 -0.280637 0.817909 0.817909 0.817909
2354.317383 0.000000 1686.552612 0.000000 0.459533 0.000000 0.888161 0.488988 0.488988 0.488988
2361.706299 0.000000 1682.072754 0.000000 0.851561 0.000000 0.524256 0.618258 0.618258 0.618258
2365.353271 0.000000 1671.071655 0.000000 0.251133 0.000000 -0.967953 1.064398 1.064398 1.064398
2355.277344 0.000000 1680.028809 0.000000 0.655158 0.000000 -0.755492 0.954451 0.954451 0.954451
2365.212891 0.000000 1677.318726 0.000000 0.861865 0.000000 0.507138 0.623028 0.623028 0.623028
2314.201904 0.000000 1725.109131 0.000000 0.316941 0.000000 -0.948445 1.048008 1.048008 1.048008
2304.469971 0.000000 1703.514160 0.000000 0.393262 0.000000 0.919427 0.471490 0.471490 0.471490
2317.902588 0.000000 1699.418335 0.000000 0.775345 0.000000 0.631538 0.586818 0.586818 0.586818
2323.562988 0.000000 1726.096191 0.000000 0.679411 0.000000 -0.733758 0.946676 0.946676 0.946676
2311.743896 0.000000 1704.483154 0.000000 0.976504 0.000000 0.215501 0.698146 0.698146 0.698146
2312.396729 0.000000 1718.062256 0.000000 0.359344 0.000000 -0.933205 1.037251 1.037251 1.037251
2306.400879 0.000000 1723.385132 0.000000 0.939075 0.000000 -0.343712 0.833763 0.833763 0.833763
2318.978516 0.000000 1722.843750 0.000000 0.757611 0.000000 0.652707 0.580225 0.580225 0.580225
2313.108643 0.000000 1699.999634 0.000000 0.893923 0.000000 -0.448221 0.860957 0.860957 0.860957
2310.582764 0.000000 1722.203491 0.000000 0.838801 0.000000 -0.544438 0.887443 0.887443 0.887443
2368.462158 0.000000 1671.521973 0.000000 0.848597 0.000000 -0.529040 0.883086 0.883086 0.883086
2381.894775 0.000000 1667.426147 0.000000 0.395614 0.000000 0.918417 0.472101 0.472101 0.472101
2375.736084 0.000000 1672.490967 0.000000 0.330233 0.000000 0.943899 0.455346 0.455346 0.455346
2375.537598 0.000000 1663.663574 0.000000 0.807690 0.000000 -0.589607 0.900538 0.900538 0.900538
2372.083740 0.000000 1667.550903 0.000000 0.810736 0.000000 -0.585412 0.899300 0.899300 0.899300
2311.545410 0.000000 1727.647949 0.000000 0.517278 0.000000 -0.855817 0.995209 0.995209 0.995209
"}
