object={
	name="tree_cypress_generator_1_0"
	clamp_to_water_level=no
	render_under_water=no
	generated_content=yes
	layer="tree_layer"
	pdxmesh="tree_cypress_01_mesh"
	count=15
	transform="3674.894287 0.000000 1881.567383 0.000000 0.285315 0.000000 -0.958434 0.930529 0.930529 0.930529
3674.078613 0.000000 1885.644653 0.000000 0.386005 0.000000 0.922497 0.680366 0.680366 0.680366
3676.833252 0.000000 1888.770020 0.000000 0.406725 0.000000 -0.913551 0.917335 0.917335 0.917335
3673.031738 0.000000 1887.850220 0.000000 0.271796 0.000000 -0.962355 0.931962 0.931962 0.931962
1014.754272 0.000000 3956.103760 0.000000 0.306991 0.000000 -0.951712 0.928217 0.928217 0.928217
1013.953491 0.000000 3960.496094 0.000000 0.364207 0.000000 0.931318 0.677971 0.677971 0.677971
1016.775574 0.000000 3958.607910 0.000000 0.990349 0.000000 -0.138597 0.814163 0.814163 0.814163
1013.183411 0.000000 3958.131836 0.000000 0.354456 0.000000 -0.935073 0.923093 0.923093 0.923093
1014.923096 0.000000 3958.893311 0.000000 0.743812 0.000000 0.668389 1.088153 1.088153 1.088153
1015.440002 0.000000 3961.271240 0.000000 0.892285 0.000000 0.451473 0.752288 0.752288 0.752288
1015.675110 0.000000 3957.646973 0.000000 0.175482 0.000000 0.984483 0.657968 0.657968 0.657968
1012.870117 0.000000 3959.562256 0.000000 0.773875 0.000000 0.633338 0.730139 0.730139 0.730139
1015.967468 0.000000 3959.847168 0.000000 0.651405 0.000000 -0.758730 1.331606 1.331606 1.331606
1014.352905 0.000000 3957.797119 0.000000 0.450611 0.000000 0.892720 0.687614 0.687614 0.687614
1015.841003 0.000000 3958.664795 0.000000 0.862205 0.000000 0.506559 1.118840 1.118840 1.118840
"}
